0,0.054490328
1,0.047779799
2,0.046988249
3,0.046264648
4,0.046364546
5,0.047596216
6,0.046155453
7,0.046093702
8,0.046252966
9,0.046190500
10,0.046269894
11,0.046827078
12,0.046263695
13,0.046117783
14,0.046064138
15,0.046561003
16,0.046196461
17,0.046193361
18,0.046499729
19,0.046239138
20,0.046218872
21,0.046156645
22,0.046541452
23,0.046268225
24,0.048306704
25,0.046154022
26,0.046182871
27,0.046933413
28,0.046168804
29,0.046204805
30,0.046337843
31,0.046511889
32,0.046449661
33,0.046414375
34,0.046320438
35,0.046137810
36,0.046196938
37,0.046154261
38,0.046186686
39,0.046145916
40,0.046215773
41,0.046104908
42,0.046124220
43,0.046172142
44,0.046183348
45,0.046155214
46,0.046180487
47,0.046223402
48,0.046194553
49,0.046250582
50,0.046191931
51,0.046157837
52,0.046258211
53,0.046160698
54,0.047438145
55,0.046298265
56,0.046264410
57,0.046255589
58,0.046177864
59,0.046241283
60,0.046223879
61,0.046240091
62,0.046208620
63,0.046178818
64,0.046237707
65,0.046365499
66,0.046240091
67,0.046308517
68,0.046239138
69,0.046149492
70,0.046241999
71,0.046264172
72,0.046221972
73,0.046293259
74,0.046309233
75,0.046259165
76,0.046231270
77,0.046849251
78,0.046178818
79,0.046168089
80,0.046252489
81,0.046228409
82,0.046182632
83,0.046150923
84,0.046167135
85,0.046231508
86,0.046292782
87,0.046267509
88,0.046416283
89,0.046164036
90,0.046325207
91,0.046559811
92,0.046239614
93,0.047623634
94,0.046199322
95,0.046277761
96,0.046280384
97,0.046276093
98,0.046275377
99,0.046514988
100,0.046277761
101,0.046223640
102,0.046251535
103,0.046266079
104,0.046348572
105,0.046345472
106,0.046988487
107,0.046260595
108,0.046282768
109,0.046281815
110,0.046285868
111,0.046330690
112,0.046263218
113,0.046249628
114,0.046233416
115,0.046309233
116,0.046320438
117,0.046191454
118,0.046316862
119,0.046263456
120,0.046349287
121,0.046287298
122,0.047119617
123,0.046274662
124,0.046209097
125,0.046310902
126,0.046270609
127,0.046355963
128,0.047345400
129,0.046282768
130,0.046301126
131,0.046353579
132,0.046349287
133,0.046344757
134,0.046334982
135,0.046265841
136,0.046321392
137,0.046325207
138,0.046294451
139,0.046782732
140,0.046748400
141,0.046378613
142,0.046472788
143,0.046323776
144,0.046350956
145,0.046339512
146,0.046362162
147,0.046573877
148,0.046382189
149,0.048838854
150,0.046393394
151,0.046788931
152,0.046629906
153,0.046308279
154,0.046303988
155,0.046346426
156,0.046392202
157,0.048008442
158,0.046490908
159,0.046426058
160,0.046430349
161,0.046318054
162,0.047168732
163,0.046448946
164,0.046419382
165,0.046401978
166,0.046482325
167,0.046441793
168,0.046452522
169,0.046362877
170,0.046477556
171,0.046416044
172,0.046415806
173,0.046369314
174,0.046426535
175,0.046505690
176,0.046418667
177,0.046516657
178,0.046345711
179,0.046433210
180,0.046421051
181,0.046734333
182,0.046416044
183,0.046484232
184,0.046447754
185,0.047179222
186,0.046468258
187,0.046519279
188,0.046411991
189,0.046518087
190,0.046489477
191,0.046419144
192,0.046512842
193,0.046393156
194,0.046472788
195,0.046492100
196,0.046472311
197,0.046514273
198,0.046465635
199,0.046342850
200,0.046497107
201,0.046422958
202,0.046544075
203,0.046524048
204,0.046607018
205,0.046525002
206,0.046693802
207,0.046500921
208,0.046512842
209,0.047315121
210,0.046753407
211,0.046513319
212,0.046476603
213,0.046473265
214,0.046632528
215,0.046692610
216,0.047715187
217,0.046473742
218,0.046550989
219,0.046459675
220,0.047387123
221,0.046384573
222,0.046464443
223,0.046547651
224,0.046506405
225,0.046548128
226,0.046540737
227,0.046481133
228,0.046556711
229,0.046544790
230,0.046546936
231,0.046456337
232,0.046517372
233,0.046576738
234,0.046616077
235,0.046546936
236,0.046542883
237,0.046580553
238,0.047427654
239,0.046491385
240,0.046622992
241,0.046582699
242,0.046531439
243,0.046563864
244,0.046565294
245,0.046513557
246,0.046603918
247,0.046527863
248,0.046645164
249,0.046588421
250,0.046639442
251,0.046565056
252,0.047439814
253,0.046631813
254,0.047145844
