0,0.016708374
1,0.015727997
2,0.015663147
3,0.015977621
4,0.015971422
5,0.015631914
6,0.015642166
7,0.015650988
8,0.015607834
9,0.015748978
10,0.016578197
11,0.017269373
12,0.015614271
13,0.015606403
14,0.015816450
15,0.016086340
16,0.015641928
17,0.015619516
18,0.016016245
19,0.015586615
20,0.015830040
21,0.015612841
22,0.015632868
23,0.015613794
24,0.015794277
25,0.015952826
26,0.015603065
27,0.015623569
28,0.015623331
29,0.015595198
30,0.015611887
31,0.015730619
32,0.015820980
33,0.015613794
34,0.015633345
35,0.015582323
36,0.015758991
37,0.015585184
38,0.015825272
39,0.021523476
40,0.015646458
41,0.015582561
42,0.015616179
43,0.015702248
44,0.015582800
45,0.015785933
46,0.015749454
47,0.015554190
48,0.015641928
49,0.016487598
50,0.016839027
51,0.015648842
52,0.015740633
53,0.017283916
54,0.015603781
55,0.015586853
56,0.015579700
57,0.016538143
58,0.015601158
59,0.015592098
60,0.015988111
61,0.015634298
62,0.015641689
63,0.020390511
64,0.015672684
65,0.015612841
66,0.016007185
67,0.016120911
68,0.016195297
69,0.015667439
70,0.015612125
71,0.015600681
72,0.015621901
73,0.015794754
74,0.015833139
75,0.015606880
76,0.015810728
77,0.016270876
78,0.016095638
79,0.015733242
80,0.017089128
81,0.015864849
82,0.016159773
83,0.015650511
84,0.016074181
85,0.015657187
86,0.015633821
87,0.015663385
88,0.016011477
89,0.015615225
90,0.015629292
91,0.016423464
92,0.015661478
93,0.015641451
94,0.015634537
95,0.016000032
96,0.016244411
97,0.015643358
98,0.015591860
99,0.015637159
100,0.015586615
101,0.015614033
102,0.016013145
103,0.015974283
104,0.015744209
105,0.016139507
106,0.015600920
107,0.015598297
108,0.015597820
109,0.015975237
110,0.015627861
111,0.016346455
112,0.015659332
113,0.015605211
114,0.015643120
115,0.015630722
116,0.015936613
117,0.015616179
118,0.015615702
119,0.015628099
120,0.015601635
121,0.015633106
122,0.015629530
123,0.015952110
124,0.015611410
125,0.015661955
126,0.015632391
127,0.015620708
128,0.015648127
129,0.016013384
130,0.016026258
131,0.015605450
132,0.015590668
133,0.015631914
134,0.016475201
135,0.015609741
136,0.015612841
137,0.015967846
138,0.015643597
139,0.015642166
140,0.015625238
141,0.015616417
142,0.015614510
143,0.015774727
144,0.015836716
145,0.015604973
146,0.015660524
147,0.015618086
148,0.015661240
149,0.015685081
150,0.015777826
151,0.015798092
152,0.015597582
153,0.015655518
154,0.015605927
155,0.015632629
156,0.015635729
157,0.015603065
158,0.016003847
159,0.015634775
160,0.015678883
161,0.015598774
162,0.015622616
163,0.015604258
164,0.015648603
165,0.016008377
166,0.015632868
167,0.015623569
168,0.015637875
169,0.015623808
170,0.015632629
171,0.015804529
172,0.015856266
173,0.015601158
174,0.015575886
175,0.015605450
176,0.015653610
177,0.015642405
178,0.015644550
179,0.015958309
180,0.015639544
181,0.015651703
182,0.015640736
183,0.015589714
184,0.016426563
185,0.015621901
186,0.015986204
187,0.015609503
188,0.015647650
189,0.015633106
190,0.015624046
191,0.015587091
192,0.015645504
193,0.015847921
194,0.015654564
195,0.015596628
196,0.015647888
197,0.015594959
198,0.015635490
199,0.015637159
200,0.016000032
201,0.015619993
202,0.015601397
203,0.015620232
204,0.015609503
205,0.015568972
206,0.016065598
207,0.015835524
208,0.015617371
209,0.015618324
210,0.015618563
211,0.015623569
212,0.015641928
213,0.015773535
214,0.015835047
215,0.015601873
216,0.015602827
217,0.015592337
218,0.015647650
219,0.015589476
220,0.015631437
221,0.015933990
222,0.015584946
223,0.015655279
224,0.015662909
225,0.015621185
226,0.015606880
227,0.017243147
228,0.016051054
229,0.015576839
230,0.015625477
231,0.015573025
232,0.015593767
233,0.015580177
234,0.015803099
235,0.015814543
236,0.015601873
237,0.015578508
238,0.015639305
239,0.015645742
240,0.015640736
241,0.015610218
242,0.015981436
243,0.015623093
244,0.015616179
245,0.015649319
246,0.015614033
247,0.015609741
248,0.015626192
249,0.015957355
250,0.015577316
251,0.015630245
252,0.015615940
253,0.015578747
254,0.015630722
