0,0.055899620
1,0.044332027
2,0.045323372
3,0.043178082
4,0.043789387
5,0.042997837
6,0.043051958
7,0.043112278
8,0.043642044
9,0.043117046
10,0.042963982
11,0.043119192
12,0.043071508
13,0.043092489
14,0.042994261
15,0.043905020
16,0.042992115
17,0.043096781
18,0.043617487
19,0.043089867
20,0.043119669
21,0.043094873
22,0.043087006
23,0.043102264
24,0.043090820
25,0.043111563
26,0.043078661
27,0.043106079
28,0.043046713
29,0.043143511
30,0.043016672
31,0.043109179
32,0.043029547
33,0.043245316
34,0.043896675
35,0.043172598
36,0.043235779
37,0.043021441
38,0.043566227
39,0.043016434
40,0.043157339
41,0.044444084
42,0.043051243
43,0.043163061
44,0.043782473
45,0.043107986
46,0.043341160
47,0.043069839
48,0.043071508
49,0.043126822
50,0.043174267
51,0.043063164
52,0.043031931
53,0.043092489
54,0.043040037
55,0.043102264
56,0.043072224
57,0.044015169
58,0.043192148
59,0.043082714
60,0.043064833
61,0.043159962
62,0.044547558
63,0.043158531
64,0.043097973
65,0.043105602
66,0.043874502
67,0.043371916
68,0.043059349
69,0.043161154
70,0.043106318
71,0.043089390
72,0.044042110
73,0.043133736
74,0.043103456
75,0.043137074
76,0.043146849
77,0.043286562
78,0.043231487
79,0.043225765
80,0.043129683
81,0.043215275
82,0.043251991
83,0.043853998
84,0.043180227
85,0.043173313
86,0.043151617
87,0.043563604
88,0.043185472
89,0.043105602
90,0.043153763
91,0.043149233
92,0.043078899
93,0.043513060
94,0.043643475
95,0.043258667
96,0.043138027
97,0.043390751
98,0.044431686
99,0.043215513
100,0.043151140
101,0.043262959
102,0.043207407
103,0.043479204
104,0.043150425
105,0.043128252
106,0.043140888
107,0.043194294
108,0.043210745
109,0.043203354
110,0.043180466
111,0.043195248
112,0.043200016
113,0.043220758
114,0.043242693
115,0.043208122
116,0.043221474
117,0.043107986
118,0.043162584
119,0.043219566
120,0.043119192
121,0.043141365
122,0.043233871
123,0.043141603
124,0.043201923
125,0.043267727
126,0.043240070
127,0.043440104
128,0.043235064
129,0.043473482
130,0.043179274
131,0.043198824
132,0.044041634
133,0.043132305
134,0.043196440
135,0.043217897
136,0.043206215
137,0.043198347
138,0.043264151
139,0.043265820
140,0.043258905
141,0.043250799
142,0.043128967
143,0.043312550
144,0.043226242
145,0.043187141
146,0.043162107
147,0.043181181
148,0.043206215
149,0.043169975
150,0.043234587
151,0.043278456
152,0.043220520
153,0.043319941
154,0.043239117
155,0.043256044
156,0.043216944
157,0.043266058
158,0.043251753
159,0.043333292
160,0.043241024
161,0.043254614
162,0.043546200
163,0.043305159
164,0.043206692
165,0.044062853
166,0.043180466
167,0.043279171
168,0.043308496
169,0.043269396
170,0.043251753
171,0.043311834
172,0.043288708
173,0.044734478
174,0.043210745
175,0.043425322
176,0.043233156
177,0.043562651
178,0.043314695
179,0.043205261
180,0.043304920
181,0.043381453
182,0.045000553
183,0.043292522
184,0.043310165
185,0.043737173
186,0.043455124
187,0.043378115
188,0.043391466
189,0.043345213
190,0.043361187
191,0.043307304
192,0.043350697
193,0.043420792
194,0.043297768
195,0.043292999
196,0.043385029
197,0.043794394
198,0.043473721
199,0.043867350
200,0.043309689
201,0.043299437
202,0.043269634
203,0.043258429
204,0.043296099
205,0.043421268
206,0.043397665
207,0.043389320
208,0.043328762
209,0.043351650
210,0.043342829
211,0.043282032
212,0.043425322
213,0.043446541
214,0.043379068
215,0.043378830
216,0.043417931
217,0.043883801
218,0.043319941
219,0.043349266
220,0.043270588
221,0.043346882
222,0.043305159
223,0.043346167
224,0.043377161
225,0.043508530
226,0.044016600
227,0.043770790
228,0.043425798
229,0.043420553
230,0.043517113
231,0.044260740
232,0.043436050
233,0.043399334
234,0.043360472
235,0.043416262
236,0.043365240
237,0.043431759
238,0.043324947
239,0.043396711
240,0.043398857
241,0.043988228
242,0.043347836
243,0.043406487
244,0.043362856
245,0.043364286
246,0.043427229
247,0.043405056
248,0.043378830
249,0.043476105
250,0.043385983
251,0.043347597
252,0.043323517
253,0.043389559
254,0.043298006
