0,0.034872770
1,0.033402205
2,0.033390045
3,0.033384800
4,0.033375740
5,0.033347130
6,0.033335924
7,0.033333302
8,0.033279419
9,0.033283710
10,0.033285856
11,0.033334017
12,0.033320189
13,0.033325672
14,0.033327579
15,0.033285141
16,0.033271313
17,0.033616304
18,0.033303976
19,0.033308268
20,0.033342361
21,0.033334255
22,0.033319712
23,0.033289671
24,0.033312559
25,0.033302784
26,0.033277273
27,0.033320427
28,0.033320904
29,0.033316135
30,0.033382416
31,0.033319473
32,0.033635616
33,0.033787966
34,0.033339739
35,0.033342123
36,0.033302069
37,0.033373594
38,0.033342600
39,0.033334494
40,0.033486843
41,0.033323765
42,0.033346415
43,0.033352137
44,0.033328772
45,0.033314228
46,0.033377409
47,0.033357143
48,0.033355236
49,0.033299208
50,0.033252954
51,0.033323765
52,0.033324957
53,0.033285379
54,0.033340216
55,0.033383846
56,0.033340931
57,0.034000635
58,0.033755302
59,0.033371210
60,0.033344984
61,0.033337593
62,0.033367872
63,0.036071539
64,0.033367634
65,0.033395767
66,0.033308506
67,0.033289671
68,0.033338308
69,0.033392191
70,0.033291578
71,0.033321857
72,0.033334017
73,0.033370733
74,0.033361435
75,0.033306837
76,0.033308506
77,0.033307314
78,0.033291340
79,0.033308506
80,0.033326864
81,0.033358335
82,0.033355474
83,0.033328533
84,0.034126759
85,0.033332825
86,0.033312559
87,0.033350468
88,0.033396006
89,0.033360481
90,0.033338308
91,0.033370972
92,0.033341169
93,0.033290625
94,0.033317804
95,0.033327341
96,0.033346176
97,0.033368826
98,0.034309626
99,0.033484221
100,0.036280870
101,0.033501863
102,0.033449888
103,0.033350468
104,0.033374071
105,0.033341408
106,0.033616543
107,0.033380032
108,0.033316612
109,0.033330441
110,0.036284924
111,0.033499241
112,0.033402681
113,0.033331633
114,0.035092831
115,0.033452511
116,0.033496857
117,0.033366680
118,0.036780357
119,0.033997774
120,0.033468962
121,0.033457279
122,0.033382893
123,0.033407688
124,0.033727169
125,0.033358574
126,0.033348322
127,0.033324480
128,0.033356190
129,0.033441067
130,0.034573793
131,0.033365965
132,0.033372402
133,0.033366919
134,0.034554720
135,0.033380985
136,0.033362150
137,0.033345461
138,0.033332348
139,0.033480883
140,0.033379793
141,0.033468246
142,0.033370972
143,0.033356667
144,0.033312082
145,0.033341169
146,0.033339024
147,0.034094810
148,0.033313036
149,0.033394814
150,0.033719540
151,0.033463717
152,0.033466816
153,0.033813715
154,0.033543587
155,0.033342600
156,0.033294201
157,0.033340454
158,0.033323288
159,0.033325195
160,0.033353329
161,0.033650160
162,0.033305168
163,0.033303738
164,0.033321857
165,0.033309460
166,0.033365488
167,0.033675194
168,0.033345938
169,0.033327341
170,0.033362389
171,0.033316612
172,0.033291101
173,0.033295631
174,0.034670353
175,0.033335686
176,0.033389568
177,0.033307552
178,0.033330917
179,0.033308029
180,0.033321142
181,0.036677122
182,0.033481598
183,0.033444166
184,0.033406973
185,0.033319950
186,0.033365726
187,0.033339739
188,0.033304691
189,0.033310413
190,0.033313990
191,0.033372641
192,0.033378363
193,0.033320189
194,0.033363581
195,0.033324003
196,0.033309937
197,0.033320665
198,0.033323288
199,0.034354210
200,0.034150124
201,0.033334017
202,0.033348560
203,0.033336639
204,0.033624649
205,0.034167528
206,0.033497572
207,0.033916473
208,0.033392429
209,0.033367395
210,0.033385515
211,0.033317804
212,0.033345222
213,0.033360243
214,0.033317804
215,0.033340454
216,0.033342123
217,0.033400059
218,0.034659386
219,0.034012318
220,0.033401012
221,0.034086943
222,0.034222364
223,0.034561157
224,0.034000397
225,0.033399105
226,0.033396959
227,0.033327579
228,0.033435345
229,0.033404589
230,0.033354282
231,0.033350706
232,0.033346653
233,0.033334970
234,0.033349752
235,0.033376217
236,0.033378601
237,0.033399820
238,0.033373117
239,0.033340931
240,0.033352375
241,0.033357859
242,0.033343077
243,0.033394814
244,0.033392191
245,0.034136295
246,0.033398151
247,0.033353329
248,0.033360720
249,0.033347130
250,0.033355236
251,0.033303499
252,0.033368587
253,0.033396721
254,0.033367872
