0,0.080978632
1,0.074692965
2,0.073902130
3,0.073784351
4,0.073790073
5,0.073749781
6,0.074632645
7,0.073861837
8,0.073675632
9,0.073709011
10,0.073682308
11,0.073680162
12,0.073775530
13,0.073689938
14,0.073705912
15,0.074644089
16,0.073751926
17,0.075330019
18,0.073891640
19,0.073779821
20,0.073767185
21,0.073763371
22,0.073732615
23,0.073705912
24,0.073716164
25,0.073748827
26,0.073714733
27,0.073718786
28,0.073695421
29,0.073715448
30,0.073698997
31,0.073743820
32,0.073785305
33,0.073722839
34,0.073755980
35,0.073807240
36,0.073718309
37,0.074650049
38,0.073889971
39,0.073753595
40,0.073786974
41,0.073768616
42,0.073703527
43,0.073737144
44,0.073733091
45,0.073853254
46,0.073772192
47,0.073838711
48,0.073800564
49,0.073797464
50,0.073787451
51,0.073813438
52,0.073804617
53,0.073839188
54,0.073848248
55,0.073782206
56,0.073812246
57,0.074492693
58,0.073745012
59,0.074161768
60,0.073930740
61,0.073784828
62,0.073803186
63,0.073798656
64,0.073782444
65,0.073836088
66,0.073776245
67,0.073851109
68,0.073862076
69,0.073861361
70,0.073757887
71,0.073881626
72,0.073854446
73,0.073895216
74,0.073862791
75,0.074096203
76,0.073835135
77,0.073933601
78,0.074166536
79,0.074592829
80,0.074975491
81,0.074618340
82,0.073841810
83,0.073960543
84,0.073881865
85,0.073888302
86,0.073882818
87,0.073927164
88,0.073835611
89,0.074619055
90,0.073849201
91,0.073924541
92,0.074028730
93,0.074084759
94,0.073973179
95,0.073916435
96,0.074018955
97,0.074583054
98,0.073873997
99,0.074040174
100,0.073958158
101,0.074110985
102,0.074032068
103,0.073941469
104,0.073993683
105,0.074011803
106,0.073983908
107,0.073970318
108,0.073939800
109,0.074014425
110,0.074028730
111,0.074004173
112,0.073960066
113,0.074040174
114,0.073953629
115,0.073974133
116,0.073990583
117,0.074039936
118,0.074011326
119,0.073944092
120,0.074046850
121,0.074041605
122,0.074039221
123,0.073935270
124,0.074035883
125,0.074098587
126,0.074086189
127,0.074039459
128,0.074267387
129,0.074218750
130,0.074233055
131,0.074234247
132,0.074273825
133,0.074208975
134,0.074197769
135,0.074278355
136,0.074213743
137,0.074165106
138,0.074213266
139,0.074250937
140,0.074321985
141,0.075054884
142,0.074287176
143,0.074239016
144,0.074290514
145,0.074194431
146,0.074274302
147,0.074258566
148,0.074218750
149,0.074179888
150,0.074388266
151,0.074290991
152,0.074239016
153,0.074320793
154,0.074309111
155,0.074223042
156,0.074298143
157,0.074273109
158,0.074202776
159,0.074263811
160,0.075058460
161,0.074776411
162,0.075181484
163,0.074380875
164,0.074239016
165,0.074302912
166,0.074311256
167,0.074258327
168,0.074206352
169,0.074280977
170,0.074280024
171,0.074282169
172,0.074252844
173,0.074379921
174,0.074377060
175,0.074302197
176,0.074357748
177,0.074254513
178,0.074304342
179,0.074338675
180,0.074290752
181,0.074306726
182,0.074300766
183,0.074326754
184,0.074356556
185,0.074344158
186,0.074378967
187,0.074341059
188,0.074586153
189,0.074394464
190,0.074466228
191,0.074532747
192,0.074538231
193,0.075752258
194,0.074391127
195,0.074511528
196,0.074371338
197,0.074388981
198,0.074338913
199,0.074302673
200,0.074353933
201,0.074338675
202,0.074456930
203,0.074439764
204,0.074414730
205,0.074465275
206,0.074400425
207,0.074408054
208,0.074380875
209,0.074396133
210,0.074436426
211,0.074774265
212,0.075902224
213,0.075830221
214,0.074564457
215,0.074398756
216,0.074605942
217,0.074772596
218,0.074488163
219,0.074636936
220,0.075531244
221,0.075676918
222,0.074691772
223,0.074877262
224,0.074481010
225,0.074421167
226,0.074550629
227,0.074534178
228,0.074916124
229,0.074478626
230,0.074472904
231,0.074524164
232,0.075236082
233,0.075506687
234,0.074599028
235,0.074571133
236,0.074403048
237,0.074541330
238,0.074464560
239,0.074678898
240,0.074448824
241,0.074639797
242,0.074568272
243,0.074481010
244,0.074646950
245,0.074646950
246,0.074593782
247,0.074581385
248,0.074567795
249,0.074569702
250,0.074639559
251,0.074517250
252,0.074676275
253,0.074509859
254,0.074603081
