0,0.074767113
1,0.070511818
2,0.070231438
3,0.070252180
4,0.070227385
5,0.070221901
6,0.070207119
7,0.070229292
8,0.070196390
9,0.070210218
10,0.070224524
11,0.070202827
12,0.070198774
13,0.070222855
14,0.070129156
15,0.070140839
16,0.070212364
17,0.070204973
18,0.070171595
19,0.070136786
20,0.070225716
21,0.070163250
22,0.070183992
23,0.070923805
24,0.070179462
25,0.070827007
26,0.070185900
27,0.070194960
28,0.070217133
29,0.070178032
30,0.070195198
31,0.070244789
32,0.070707798
33,0.070195913
34,0.070265532
35,0.070223093
36,0.070201874
37,0.070161581
38,0.070195436
39,0.070190907
40,0.070225000
41,0.070245504
42,0.070152044
43,0.070125818
44,0.070174694
45,0.070184469
46,0.070177078
47,0.070279121
48,0.070234299
49,0.070209503
50,0.070279121
51,0.070189238
52,0.070574284
53,0.070208073
54,0.070184231
55,0.070206642
56,0.070234060
57,0.070175648
58,0.070245504
59,0.070181847
60,0.070223808
61,0.070267200
62,0.070201159
63,0.070259094
64,0.070200205
65,0.070167542
66,0.070235491
67,0.070174932
68,0.070189953
69,0.070264816
70,0.070210934
71,0.070281029
72,0.070257902
73,0.070235014
74,0.070338011
75,0.070241690
76,0.070277691
77,0.070362329
78,0.070241928
79,0.070377588
80,0.070288420
81,0.070295334
82,0.070279360
83,0.070245028
84,0.070254564
85,0.070309401
86,0.070306063
87,0.070354223
88,0.070324421
89,0.070308685
90,0.070345163
91,0.070350647
92,0.070322990
93,0.070393801
94,0.070322514
95,0.070326805
96,0.070323229
97,0.070358276
98,0.070432186
99,0.070306301
100,0.070362329
101,0.070313931
102,0.070326567
103,0.070418835
104,0.070335150
105,0.070403814
106,0.070388794
107,0.070424080
108,0.070374727
109,0.070335865
110,0.070351601
111,0.070384026
112,0.070412636
113,0.070381165
114,0.070330381
115,0.070403099
116,0.070387125
117,0.070417404
118,0.070457220
119,0.070420027
120,0.070354223
121,0.070417881
122,0.070437908
123,0.070330143
124,0.070493937
125,0.070442200
126,0.070456266
127,0.070387602
128,0.070564270
129,0.070540667
130,0.070633411
131,0.070628166
132,0.070601940
133,0.070565701
134,0.070784092
135,0.070658445
136,0.070702076
137,0.070552349
138,0.070620060
139,0.070622921
140,0.070748329
141,0.070656776
142,0.072350025
143,0.070625782
144,0.070639372
145,0.071670055
146,0.070984840
147,0.070642948
148,0.070720673
149,0.070843458
150,0.070712805
151,0.070798874
152,0.070680618
153,0.073049545
154,0.070750713
155,0.070662498
156,0.070677042
157,0.070626497
158,0.070600748
159,0.070591688
160,0.070616961
161,0.071750641
162,0.070618868
163,0.070644140
164,0.070637465
165,0.070602655
166,0.070627928
167,0.070620060
168,0.070636511
169,0.070945740
170,0.070660353
171,0.070654631
172,0.070573092
173,0.070653439
174,0.071214914
175,0.070714951
176,0.070704222
177,0.070606709
178,0.070671797
179,0.070579052
180,0.070659161
181,0.070656538
182,0.070689917
183,0.070644617
184,0.070709944
185,0.070658445
186,0.070612431
187,0.070685625
188,0.070662022
189,0.070632219
190,0.070623875
191,0.070582390
192,0.070613384
193,0.070626974
194,0.070695877
195,0.070623875
196,0.070669413
197,0.070671797
198,0.070724964
199,0.070692062
200,0.070718288
201,0.070668697
202,0.071033001
203,0.070711136
204,0.070716143
205,0.070715666
206,0.070719004
207,0.070691109
208,0.070720196
209,0.070700884
210,0.070790052
211,0.070760012
212,0.070802212
213,0.070756674
214,0.070719242
215,0.070736885
216,0.070823431
217,0.070794821
218,0.070765972
219,0.070765257
220,0.070808887
221,0.070716619
222,0.070832968
223,0.070679188
224,0.070754528
225,0.070774317
226,0.070759535
227,0.071918488
228,0.070737362
229,0.070760727
230,0.070762396
231,0.070785046
232,0.070777655
233,0.070793867
234,0.070863485
235,0.071019411
236,0.070802689
237,0.071462870
238,0.070819378
239,0.070809364
240,0.071161270
241,0.072043419
242,0.071007252
243,0.070833683
244,0.070925713
245,0.070865154
246,0.070815563
247,0.070880651
248,0.070858240
249,0.070838213
250,0.070897102
251,0.070851564
252,0.071424246
253,0.070833683
254,0.070892572
