0,0.041580200
1,0.038571358
2,0.038476706
3,0.038474798
4,0.038430691
5,0.038446665
6,0.038429976
7,0.039159060
8,0.038538456
9,0.038397789
10,0.038397551
11,0.038397551
12,0.038414240
13,0.038412094
14,0.038414955
15,0.038511992
16,0.039810658
17,0.038686514
18,0.038416147
19,0.038401127
20,0.038384199
21,0.038450003
22,0.038523436
23,0.038932085
24,0.038419962
25,0.038552999
26,0.038448572
27,0.038388729
28,0.038464546
29,0.039047003
30,0.038455248
31,0.038445711
32,0.038411617
33,0.038415194
34,0.038392067
35,0.038405418
36,0.038432121
37,0.038419724
38,0.038412571
39,0.038438559
40,0.038421392
41,0.038426876
42,0.039135456
43,0.038438320
44,0.038435459
45,0.038470030
46,0.038424253
47,0.038414240
48,0.038386583
49,0.038412094
50,0.038424492
51,0.038397074
52,0.038409948
53,0.038452625
54,0.038423300
55,0.038427591
56,0.038411856
57,0.038411379
58,0.038382292
59,0.038423061
60,0.038383722
61,0.038423538
62,0.038395643
63,0.038417816
64,0.038413048
65,0.038639545
66,0.038571358
67,0.038605690
68,0.038435459
69,0.038443565
70,0.038385630
71,0.038449287
72,0.038436174
73,0.038468599
74,0.038423061
75,0.038414001
76,0.038409472
77,0.038552999
78,0.038420916
79,0.038403511
80,0.038429737
81,0.038411140
82,0.038404703
83,0.038471222
84,0.038842916
85,0.038403749
86,0.038388968
87,0.038406849
88,0.038460255
89,0.038407564
90,0.038521051
91,0.038392305
92,0.038442135
93,0.038402796
94,0.038413048
95,0.038453579
96,0.038577795
97,0.038407564
98,0.038436174
99,0.038401365
100,0.039543867
101,0.038440704
102,0.038517714
103,0.038561344
104,0.038422823
105,0.038413525
106,0.038458586
107,0.039560080
108,0.038480043
109,0.038431883
110,0.038560629
111,0.039119482
112,0.038443327
113,0.038506508
114,0.038419485
115,0.038407087
116,0.038431406
117,0.038478851
118,0.038434982
119,0.038397312
120,0.038411379
121,0.038441420
122,0.038395643
123,0.038421631
124,0.038461685
125,0.038863420
126,0.038420200
127,0.038414955
128,0.038419008
129,0.038424492
130,0.038430929
131,0.038558722
132,0.038455248
133,0.038440704
134,0.038438797
135,0.038421392
136,0.038431644
137,0.038588524
138,0.038821936
139,0.038484812
140,0.038451195
141,0.041898489
142,0.038314342
143,0.038538456
144,0.038394690
145,0.038456917
146,0.038455009
147,0.038436413
148,0.038425207
149,0.038439274
150,0.038437605
151,0.038428545
152,0.038452625
153,0.038439512
154,0.038421392
155,0.038460016
156,0.038440943
157,0.038428307
158,0.038838387
159,0.038436651
160,0.038434505
161,0.038427353
162,0.038458824
163,0.038417578
164,0.038437366
165,0.038429499
166,0.038449287
167,0.038453102
168,0.038475990
169,0.038449526
170,0.038444996
171,0.038477659
172,0.038472652
173,0.038508415
174,0.038497448
175,0.038457394
176,0.038431406
177,0.038444757
178,0.038453817
179,0.038480043
180,0.038499117
181,0.038616419
182,0.038509130
183,0.038466215
184,0.038447618
185,0.038430214
186,0.038424730
187,0.038444042
188,0.038444996
189,0.038470984
190,0.038441181
191,0.038447857
192,0.038624287
193,0.038433313
194,0.038479567
195,0.038454533
196,0.038444281
197,0.038448334
198,0.038449764
199,0.038452625
200,0.038494825
201,0.038462400
202,0.038434505
203,0.038478851
204,0.038604259
205,0.038465977
206,0.038473606
207,0.038486958
208,0.038470984
209,0.038478136
210,0.038883686
211,0.038710833
212,0.038540840
213,0.038507223
214,0.038461208
215,0.038443089
216,0.038666487
217,0.038490534
218,0.038436890
219,0.038526535
220,0.038472414
221,0.038475990
222,0.038449526
223,0.038475752
224,0.038448095
225,0.038459063
226,0.038458824
227,0.039610386
228,0.038513660
229,0.038486004
230,0.038501263
231,0.038496017
232,0.038490295
233,0.038488626
234,0.038455963
235,0.038461924
236,0.038511038
237,0.038473845
238,0.038467407
239,0.038470030
240,0.038469076
241,0.038498640
242,0.038452864
243,0.038485289
244,0.038512468
245,0.038453817
246,0.038480759
247,0.038747072
248,0.038900137
249,0.038592339
250,0.039593935
251,0.038506508
252,0.038517952
253,0.038487673
254,0.038467169
