0,0.113779545
1,0.109527349
2,0.109483480
3,0.108654737
4,0.108740568
5,0.108747005
6,0.109295845
7,0.108669996
8,0.108428717
9,0.109069824
10,0.108592033
11,0.109539509
12,0.108534813
13,0.110172749
14,0.108558655
15,0.108738184
16,0.108496666
17,0.108827829
18,0.108565331
19,0.108802795
20,0.108449936
21,0.108848095
22,0.108579159
23,0.108840942
24,0.108516455
25,0.109091043
26,0.108968258
27,0.108762026
28,0.108496666
29,0.108832359
30,0.108632326
31,0.108683109
32,0.108618021
33,0.108748913
34,0.108694077
35,0.108804941
36,0.108697176
37,0.109467030
38,0.108540535
39,0.108749390
40,0.108683348
41,0.108793259
42,0.108599663
43,0.108860254
44,0.108687878
45,0.108833313
46,0.108783245
47,0.108865023
48,0.108650208
49,0.108871698
50,0.108891249
51,0.109555721
52,0.108560085
53,0.108940601
54,0.108913660
55,0.108882666
56,0.108679295
57,0.108851910
58,0.108631372
59,0.108921051
60,0.108768940
61,0.108980894
62,0.109076262
63,0.108860970
64,0.108939648
65,0.109879017
66,0.108776093
67,0.109028101
68,0.108628750
69,0.108879328
70,0.108718157
71,0.108942747
72,0.108834982
73,0.108983755
74,0.109299660
75,0.111284733
76,0.109003782
77,0.109328747
78,0.108796835
79,0.108955860
80,0.108800411
81,0.109683990
82,0.108922482
83,0.109030247
84,0.108751535
85,0.108984470
86,0.108862877
87,0.109034777
88,0.108832836
89,0.109266520
90,0.108791113
91,0.108983994
92,0.109030485
93,0.109007835
94,0.108884573
95,0.109012365
96,0.108874321
97,0.109072685
98,0.108848810
99,0.109027386
100,0.109010935
101,0.109102964
102,0.108968496
103,0.109117270
104,0.109145641
105,0.109080315
106,0.108996868
107,0.109131098
108,0.108901262
109,0.109305382
110,0.108926058
111,0.109088182
112,0.108978987
113,0.109184980
114,0.109031200
115,0.109177828
116,0.108920574
117,0.109154224
118,0.109333992
119,0.109250069
120,0.109068394
121,0.109244347
122,0.109125614
123,0.109233379
124,0.109137535
125,0.109237194
126,0.109011889
127,0.109825373
128,0.109355211
129,0.109645844
130,0.109440088
131,0.109676123
132,0.110464573
133,0.109747887
134,0.109613180
135,0.109642982
136,0.109391689
137,0.109664440
138,0.109416246
139,0.109700918
140,0.109453678
141,0.109715939
142,0.109510660
143,0.109669685
144,0.109488249
145,0.110013247
146,0.109519243
147,0.109724522
148,0.109591007
149,0.109796286
150,0.110554695
151,0.110557795
152,0.109610319
153,0.109736204
154,0.109664202
155,0.109939814
156,0.109691620
157,0.110499382
158,0.109577417
159,0.109773874
160,0.109666586
161,0.109918594
162,0.110143661
163,0.111863136
164,0.109972477
165,0.111732483
166,0.110423565
167,0.111308098
168,0.109625340
169,0.109868765
170,0.109642744
171,0.109822273
172,0.109673023
173,0.109811783
174,0.109683037
175,0.109833002
176,0.110816240
177,0.110460520
178,0.109702587
179,0.110647440
180,0.109689713
181,0.109756231
182,0.109764576
183,0.109910011
184,0.109651089
185,0.109852314
186,0.109838963
187,0.109890461
188,0.109755278
189,0.109795809
190,0.109681606
191,0.110191107
192,0.109795094
193,0.109856844
194,0.109657764
195,0.109895229
196,0.109718561
197,0.109882832
198,0.109689951
199,0.109942913
200,0.109908104
201,0.109993458
202,0.109843016
203,0.109960556
204,0.109769583
205,0.110115051
206,0.109793901
207,0.109941244
208,0.109849930
209,0.109931469
210,0.109827995
211,0.110141993
212,0.110407114
213,0.109975100
214,0.109844685
215,0.109912872
216,0.110164165
217,0.110000849
218,0.109767675
219,0.110046864
220,0.109960318
221,0.110068798
222,0.109882116
223,0.110174894
224,0.110393047
225,0.110051870
226,0.109895229
227,0.110073566
228,0.109906197
229,0.110027552
230,0.109902382
231,0.110110283
232,0.110406399
233,0.110105753
234,0.109968901
235,0.110118389
236,0.109918118
237,0.110145807
238,0.109971046
239,0.110132217
240,0.110044718
241,0.110250950
242,0.109949350
243,0.110134840
244,0.109947205
245,0.110450268
246,0.110014200
247,0.110270262
248,0.110053062
249,0.110219002
250,0.110083580
251,0.110259056
252,0.110036612
253,0.110241652
254,0.110176802
