0,0.037606955
1,0.032192945
2,0.032169580
3,0.032193661
4,0.032485247
5,0.032244921
6,0.032637358
7,0.032806396
8,0.033203363
9,0.032278776
10,0.032199860
11,0.032181501
12,0.032163143
13,0.032178164
14,0.032522202
15,0.032173634
16,0.032156467
17,0.032181263
18,0.032870770
19,0.032200813
20,0.032761097
21,0.032251596
22,0.032189608
23,0.032221079
24,0.032140970
25,0.032163620
26,0.032130718
27,0.032184124
28,0.032146931
29,0.032160282
30,0.032146931
31,0.032167673
32,0.032168627
33,0.032205582
34,0.032298565
35,0.033257723
36,0.033052206
37,0.032195330
38,0.032196045
39,0.032209158
40,0.032363176
41,0.032197475
42,0.032163382
43,0.032491446
44,0.032157898
45,0.032119751
46,0.032168388
47,0.032842398
48,0.032209396
49,0.032191753
50,0.032152414
51,0.032756805
52,0.032195807
53,0.032150984
54,0.032176256
55,0.032175541
56,0.032229900
57,0.032220125
58,0.032186508
59,0.032200336
60,0.032174110
61,0.032135725
62,0.032167196
63,0.032165051
64,0.032479286
65,0.032225609
66,0.032184362
67,0.032191515
68,0.032183409
69,0.032177925
70,0.032160282
71,0.032154799
72,0.032181740
73,0.032189131
74,0.032195807
75,0.032142401
76,0.032156944
77,0.032209158
78,0.032120466
79,0.032147884
80,0.032135248
81,0.032161951
82,0.032192230
83,0.032209396
84,0.032152653
85,0.032134056
86,0.032115221
87,0.032104969
88,0.032160521
89,0.032217264
90,0.032180309
91,0.032177925
92,0.032211304
93,0.032892942
94,0.032145739
95,0.032164335
96,0.032138109
97,0.032160759
98,0.032156706
99,0.032183886
100,0.032177925
101,0.032187939
102,0.032187939
103,0.032114744
104,0.032184601
105,0.032168627
106,0.032137156
107,0.032212973
108,0.032480240
109,0.032891035
110,0.032409668
111,0.032275200
112,0.032176256
113,0.032149792
114,0.032167435
115,0.032166481
116,0.032208920
117,0.032179117
118,0.032139540
119,0.032169104
120,0.032216311
121,0.032143116
122,0.032142162
123,0.032315016
124,0.032170534
125,0.032226324
126,0.032215118
127,0.032173872
128,0.032170057
129,0.032123804
130,0.032173157
131,0.032272100
132,0.032185555
133,0.032168627
134,0.032342196
135,0.032245874
136,0.032172441
137,0.032206535
138,0.032510519
139,0.032142639
140,0.032195568
141,0.032219648
142,0.033044338
143,0.032208681
144,0.032228947
145,0.032603264
146,0.032114744
147,0.032161713
148,0.032162189
149,0.032686710
150,0.032205343
151,0.032149315
152,0.032173872
153,0.032199860
154,0.032158136
155,0.032132387
156,0.032130480
157,0.032102585
158,0.032142639
159,0.032295942
160,0.032171249
161,0.032180309
162,0.032195330
163,0.032829285
164,0.032114983
165,0.032100916
166,0.032183886
167,0.032159805
168,0.032168150
169,0.032186270
170,0.032191753
171,0.032158375
172,0.032138348
173,0.032149315
174,0.032148600
175,0.032145500
176,0.032098293
177,0.032163143
178,0.032210350
179,0.032146215
180,0.032211542
181,0.032120705
182,0.032139540
183,0.032107115
184,0.032560349
185,0.032156944
186,0.032438040
187,0.032186031
188,0.032139301
189,0.032096148
190,0.032092094
191,0.032142878
192,0.032148838
193,0.032160759
194,0.032209635
195,0.032186270
196,0.032149553
197,0.032161713
198,0.032140017
199,0.032127380
200,0.032120705
201,0.032157660
202,0.032171965
203,0.032144547
204,0.032186031
205,0.032157421
206,0.032169819
207,0.032144308
208,0.033261776
209,0.032150984
210,0.032179594
211,0.032158375
212,0.032156944
213,0.032160282
214,0.032130718
215,0.032193661
216,0.032144785
217,0.032156944
218,0.032149315
219,0.032109261
220,0.032204866
221,0.032179356
222,0.032239199
223,0.032730579
224,0.032140017
225,0.032139301
226,0.032131195
227,0.032151461
228,0.032209158
229,0.032200336
230,0.032198429
231,0.032178164
232,0.032166719
233,0.032119989
234,0.032136202
235,0.032322168
236,0.032214642
237,0.032163858
238,0.032160282
239,0.032283306
240,0.032166958
241,0.032108784
242,0.032480955
243,0.032150984
244,0.032113314
245,0.032109022
246,0.032996893
247,0.032222509
248,0.032230377
249,0.032457113
250,0.032162666
251,0.032549620
252,0.032166004
253,0.032158613
254,0.032134295
