0,0.111250162
1,0.107379198
2,0.108515978
3,0.107317209
4,0.107227802
5,0.107339859
6,0.107257128
7,0.107350826
8,0.108358145
9,0.108454227
10,0.107216120
11,0.107352734
12,0.107155561
13,0.107452154
14,0.108026266
15,0.107454300
16,0.107437611
17,0.107397795
18,0.107358932
19,0.107384443
20,0.107305288
21,0.107447863
22,0.107407331
23,0.107654810
24,0.108609200
25,0.107912540
26,0.107476473
27,0.107399464
28,0.107644081
29,0.107460976
30,0.107866764
31,0.107347727
32,0.107324123
33,0.107382298
34,0.107264280
35,0.107460976
36,0.107335329
37,0.107574224
38,0.107389450
39,0.107477188
40,0.107399702
41,0.108040571
42,0.107480288
43,0.107436895
44,0.107332706
45,0.107495070
46,0.107335091
47,0.107579947
48,0.107418776
49,0.107462883
50,0.108031750
51,0.107549667
52,0.107412100
53,0.107516766
54,0.107695580
55,0.107572079
56,0.107445240
57,0.107537746
58,0.107431412
59,0.107500076
60,0.107452869
61,0.107498169
62,0.107364893
63,0.107472897
64,0.107475996
65,0.107508898
66,0.107410431
67,0.108014107
68,0.107808828
69,0.107530355
70,0.107497215
71,0.107563734
72,0.107455254
73,0.107569695
74,0.107628584
75,0.107598543
76,0.107486963
77,0.107572556
78,0.107503414
79,0.107535839
80,0.107606649
81,0.107924700
82,0.108077765
83,0.107686520
84,0.107508183
85,0.107656002
86,0.107664108
87,0.107649326
88,0.107568741
89,0.107669115
90,0.107621670
91,0.107609272
92,0.107580423
93,0.107662439
94,0.107627869
95,0.107655287
96,0.107977390
97,0.107839584
98,0.107569456
99,0.108430147
100,0.107640266
101,0.107776642
102,0.107572317
103,0.107705593
104,0.107663631
105,0.107764006
106,0.107724667
107,0.107756138
108,0.107647896
109,0.107733488
110,0.107829571
111,0.107720375
112,0.107790232
113,0.107960224
114,0.107793093
115,0.109030247
116,0.108032465
117,0.108933210
118,0.107624292
119,0.107867002
120,0.107692003
121,0.107800007
122,0.107712746
123,0.108758688
124,0.107820988
125,0.107784748
126,0.107771873
127,0.107924461
128,0.108129740
129,0.108697891
130,0.108083963
131,0.108245611
132,0.108138800
133,0.108145952
134,0.108103752
135,0.108295918
136,0.108174086
137,0.108470678
138,0.108213663
139,0.108353376
140,0.108338594
141,0.108298063
142,0.108155489
143,0.108352661
144,0.108196020
145,0.108216763
146,0.108173370
147,0.108344078
148,0.108255386
149,0.108555079
150,0.108752012
151,0.108433962
152,0.108214140
153,0.108365059
154,0.108246088
155,0.108422279
156,0.108282328
157,0.108367205
158,0.108192444
159,0.108257532
160,0.108340025
161,0.108291388
162,0.108284235
163,0.108326197
164,0.108627319
165,0.109689236
166,0.108367205
167,0.108488798
168,0.108306170
169,0.108420610
170,0.108302593
171,0.108402014
172,0.108313799
173,0.108292103
174,0.108322859
175,0.108414888
176,0.108279943
177,0.108873844
178,0.108369350
179,0.108422279
180,0.108315706
181,0.108412027
182,0.108373880
183,0.108949661
184,0.108353138
185,0.108388186
186,0.108348846
187,0.108523846
188,0.108340502
189,0.108435869
190,0.108370543
191,0.108333826
192,0.108730078
193,0.108500481
194,0.108430386
195,0.108511686
196,0.108364105
197,0.108503103
198,0.108402252
199,0.108532906
200,0.108351469
201,0.108445644
202,0.108534336
203,0.108473778
204,0.108578444
205,0.108515501
206,0.108494282
207,0.109625578
208,0.108710289
209,0.108603954
210,0.108467102
211,0.108944654
212,0.108984470
213,0.108533621
214,0.108683825
215,0.108495951
216,0.108701468
217,0.108574867
218,0.108637810
219,0.108590603
220,0.108564615
221,0.108662844
222,0.108920813
223,0.108560801
224,0.108805656
225,0.108680487
226,0.108607769
227,0.108641863
228,0.108493567
229,0.108680010
230,0.110096931
231,0.108657837
232,0.108628988
233,0.108726501
234,0.108541250
235,0.108689308
236,0.108629942
237,0.108654022
238,0.108641386
239,0.108755112
240,0.108635426
241,0.108936310
242,0.108605146
243,0.108979464
244,0.108677864
245,0.108725548
246,0.108622313
247,0.109485388
248,0.108648062
249,0.110176563
250,0.108642578
251,0.108760118
252,0.108553648
253,0.108707428
254,0.108708620
