0,0.117301702
1,0.106231928
2,0.106740236
3,0.105562925
4,0.105793238
5,0.105673313
6,0.105727911
7,0.105636835
8,0.105674028
9,0.105697155
10,0.105710268
11,0.105778933
12,0.106421471
13,0.105680943
14,0.105750561
15,0.105679035
16,0.105897188
17,0.105626106
18,0.105785370
19,0.105652809
20,0.105761766
21,0.105771303
22,0.105816841
23,0.105694294
24,0.105871439
25,0.105787754
26,0.105898857
27,0.105723143
28,0.105837107
29,0.105731249
30,0.105727911
31,0.105745316
32,0.105766773
33,0.105820417
34,0.105719090
35,0.105856895
36,0.105911732
37,0.105851650
38,0.105834007
39,0.105756998
40,0.105973959
41,0.105904341
42,0.105917215
43,0.105873346
44,0.105878592
45,0.105784416
46,0.105962992
47,0.105924845
48,0.105839252
49,0.105888128
50,0.105836153
51,0.106420755
52,0.105982542
53,0.105851173
54,0.105915546
55,0.105726480
56,0.105849266
57,0.105883837
58,0.105951548
59,0.105832577
60,0.105894327
61,0.105751753
62,0.105910301
63,0.105871916
64,0.107089758
65,0.105925798
66,0.106009245
67,0.105878592
68,0.105885029
69,0.105970144
70,0.105990648
71,0.105819464
72,0.106074810
73,0.105967760
74,0.106086493
75,0.105961323
76,0.106011152
77,0.105871916
78,0.106050253
79,0.105922461
80,0.105937481
81,0.105959654
82,0.106024504
83,0.105939627
84,0.106090069
85,0.105991840
86,0.106165648
87,0.105952263
88,0.106094599
89,0.106024981
90,0.105896950
91,0.106127739
92,0.106037140
93,0.105919838
94,0.106070518
95,0.106026411
96,0.106043816
97,0.106104136
98,0.106592417
99,0.106001139
100,0.106127739
101,0.106142759
102,0.106121778
103,0.106040478
104,0.106125593
105,0.106078148
106,0.106248856
107,0.106010437
108,0.106231689
109,0.106051445
110,0.106175661
111,0.106042624
112,0.106187105
113,0.105980635
114,0.106189728
115,0.105971575
116,0.106188536
117,0.106081247
118,0.106150866
119,0.106089830
120,0.106179476
121,0.105968952
122,0.106150627
123,0.106065512
124,0.106276751
125,0.106206179
126,0.106189489
127,0.106129169
128,0.106499672
129,0.106607676
130,0.106600761
131,0.106580734
132,0.106581211
133,0.106480837
134,0.106570244
135,0.106502771
136,0.106605053
137,0.106559038
138,0.106606245
139,0.106612206
140,0.106582403
141,0.106452227
142,0.106730938
143,0.106604576
144,0.106707335
145,0.106691360
146,0.106827736
147,0.106654644
148,0.106585503
149,0.106670856
150,0.106556654
151,0.106835842
152,0.106671333
153,0.106667280
154,0.106738567
155,0.107833624
156,0.106683493
157,0.106602669
158,0.106775999
159,0.107166529
160,0.106703997
161,0.106609344
162,0.106897593
163,0.106714010
164,0.106778622
165,0.106854439
166,0.106751442
167,0.106710434
168,0.106711149
169,0.106792688
170,0.106835604
171,0.106764555
172,0.106774092
173,0.106628895
174,0.106821775
175,0.106682777
176,0.106785297
177,0.106916904
178,0.106826067
179,0.106733561
180,0.106904745
181,0.106797218
182,0.108437538
183,0.107836962
184,0.107030392
185,0.106809139
186,0.107212543
187,0.106922626
188,0.106938839
189,0.106887102
190,0.106865644
191,0.106777906
192,0.106840611
193,0.106808662
194,0.106976032
195,0.106875896
196,0.106874228
197,0.106761694
198,0.107025862
199,0.106852531
200,0.106839180
201,0.106902838
202,0.106968880
203,0.106827736
204,0.106833696
205,0.106845856
206,0.106997252
207,0.106888056
208,0.106925488
209,0.106857538
210,0.106889248
211,0.106834173
212,0.107006788
213,0.106824160
214,0.106998920
215,0.106862545
216,0.106900692
217,0.106956482
218,0.106936455
219,0.106861353
220,0.106952190
221,0.106954098
222,0.106984615
223,0.106872559
224,0.107052803
225,0.106811762
226,0.107026577
227,0.107066154
228,0.106966019
229,0.106953144
230,0.107135296
231,0.108351469
232,0.107095003
233,0.107062817
234,0.107751369
235,0.107055902
236,0.107102871
237,0.106853724
238,0.107174158
239,0.107071161
240,0.107039452
241,0.106997490
242,0.107117891
243,0.107091188
244,0.107041121
245,0.107025385
246,0.107223988
247,0.106931686
248,0.107206106
249,0.106992483
250,0.107190371
251,0.107099533
252,0.107100964
253,0.107037306
254,0.107154846
