0,0.063358068
1,0.059816360
2,0.059561014
3,0.059569359
4,0.059722424
5,0.059529543
6,0.059513330
7,0.059560537
8,0.060342073
9,0.060129642
10,0.059587717
11,0.059875250
12,0.060127497
13,0.063154697
14,0.059657097
15,0.059454441
16,0.059494734
17,0.059547186
18,0.059493780
19,0.059484482
20,0.059459925
21,0.059537888
22,0.059516907
23,0.060187817
24,0.059463739
25,0.059512138
26,0.060531855
27,0.059412956
28,0.059470654
29,0.059527874
30,0.059554577
31,0.059470892
32,0.059484243
33,0.059481859
34,0.059539318
35,0.059486151
36,0.059573889
37,0.059530735
38,0.059576988
39,0.059494972
40,0.059544086
41,0.059483767
42,0.059525490
43,0.059563160
44,0.059521675
45,0.059537888
46,0.059473515
47,0.059553385
48,0.059509039
49,0.059485435
50,0.059494257
51,0.059528112
52,0.059517384
53,0.059598684
54,0.059516668
55,0.059455633
56,0.059561491
57,0.059636354
58,0.059469461
59,0.059492350
60,0.059552193
61,0.059489965
62,0.059530735
63,0.059483290
64,0.059419155
65,0.059719563
66,0.059544086
67,0.059465885
68,0.059528589
69,0.059522867
70,0.059475899
71,0.059622049
72,0.059599400
73,0.059526205
74,0.059509516
75,0.059522629
76,0.059560061
77,0.059521914
78,0.059618473
79,0.059504747
80,0.059528589
81,0.059566021
82,0.059716940
83,0.061205387
84,0.060100317
85,0.059594631
86,0.059570551
87,0.059545040
88,0.059600830
89,0.059645891
90,0.060838938
91,0.059629917
92,0.059407949
93,0.059760094
94,0.059558392
95,0.059667110
96,0.059651375
97,0.059613943
98,0.060675621
99,0.059609413
100,0.059541941
101,0.059637785
102,0.059636116
103,0.059606552
104,0.059571505
105,0.059576035
106,0.059540033
107,0.059672356
108,0.059641600
109,0.059645891
110,0.059592724
111,0.059604645
112,0.059640408
113,0.059640408
114,0.059581280
115,0.059623480
116,0.059652328
117,0.059620380
118,0.060419559
119,0.059729099
120,0.059638023
121,0.059718132
122,0.059630632
123,0.059626579
124,0.059618950
125,0.059698820
126,0.059671640
127,0.059737682
128,0.060896873
129,0.060794592
130,0.060933590
131,0.059922218
132,0.059844732
133,0.059753656
134,0.059890509
135,0.061030865
136,0.059998512
137,0.059941292
138,0.060666561
139,0.059986115
140,0.059844017
141,0.059890270
142,0.059762955
143,0.060024738
144,0.060393572
145,0.060093641
146,0.059867382
147,0.059861422
148,0.059816837
149,0.059899569
150,0.059805155
151,0.059874058
152,0.059784174
153,0.059854507
154,0.059792995
155,0.059850216
156,0.059917927
157,0.059846401
158,0.059834480
159,0.059867144
160,0.059900284
161,0.060007095
162,0.059905529
163,0.059849501
164,0.059865475
165,0.059866428
166,0.059830904
167,0.059880018
168,0.059893370
169,0.059853792
170,0.061135054
171,0.060023069
172,0.060016394
173,0.059848547
174,0.059941292
175,0.059910059
176,0.059870481
177,0.059993982
178,0.059909344
179,0.059904814
180,0.059915781
181,0.059815407
182,0.059856892
183,0.059850454
184,0.059972763
185,0.059954405
186,0.060035706
187,0.059898853
188,0.059875727
189,0.060009956
190,0.059868336
191,0.059882164
192,0.059898615
193,0.059898615
194,0.060913324
195,0.059941292
196,0.059908390
197,0.059895754
198,0.059904814
199,0.059876919
200,0.059931040
201,0.060176611
202,0.059975386
203,0.060053825
204,0.059885025
205,0.060041428
206,0.059901953
207,0.060055733
208,0.059973717
209,0.059979439
210,0.059957027
211,0.059974194
212,0.060111523
213,0.060072422
214,0.059931278
215,0.060228348
216,0.061442852
217,0.060999393
218,0.060796261
219,0.060400486
220,0.060007811
221,0.059999704
222,0.059956312
223,0.060002089
224,0.059934616
225,0.060143232
226,0.060007095
227,0.059986115
228,0.060126781
229,0.059979200
230,0.060064316
231,0.060223579
232,0.059982777
233,0.059996605
234,0.059975386
235,0.059917927
236,0.061367035
237,0.060123444
238,0.060111046
239,0.060036182
240,0.060454607
241,0.060039520
242,0.059992075
243,0.060053587
244,0.060024261
245,0.060066462
246,0.060153484
247,0.060059071
248,0.059986830
249,0.059978485
250,0.060002089
251,0.059966564
252,0.060047150
253,0.059979916
254,0.060040236
