0,0.079951048
1,0.076152086
2,0.076052666
3,0.076020479
4,0.076033831
5,0.076389313
6,0.076140642
7,0.076025486
8,0.075997591
9,0.075999022
10,0.075963974
11,0.075948000
12,0.075917959
13,0.076062679
14,0.075998068
15,0.075915337
16,0.075962782
17,0.075955153
18,0.076786518
19,0.076484680
20,0.075970411
21,0.075994968
22,0.076025724
23,0.076015472
24,0.075984716
25,0.075898170
26,0.076034546
27,0.076051712
28,0.075959206
29,0.075928688
30,0.076168299
31,0.076022148
32,0.075963736
33,0.076015472
34,0.076061487
35,0.076726913
36,0.076122761
37,0.076034784
38,0.076024294
39,0.076044559
40,0.076426506
41,0.076171160
42,0.076136351
43,0.076075077
44,0.076088905
45,0.076061249
46,0.076110125
47,0.075955868
48,0.075990677
49,0.076078653
50,0.076095343
51,0.076042175
52,0.076055288
53,0.076332808
54,0.076319218
55,0.076101780
56,0.075987339
57,0.076006174
58,0.076015949
59,0.076023340
60,0.076408863
61,0.076071978
62,0.076043367
63,0.076003075
64,0.076092482
65,0.077998400
66,0.076175213
67,0.076089144
68,0.076151848
69,0.076141119
70,0.076137066
71,0.076005936
72,0.076157570
73,0.076088428
74,0.076087475
75,0.076156139
76,0.076427698
77,0.076634884
78,0.076077938
79,0.076163530
80,0.076187134
81,0.076204777
82,0.076154947
83,0.076193571
84,0.076192379
85,0.076619387
86,0.076232672
87,0.076205492
88,0.076164007
89,0.076217890
90,0.076143742
91,0.076178789
92,0.076123238
93,0.076167107
94,0.076323986
95,0.076169491
96,0.076300859
97,0.076264858
98,0.076241970
99,0.077261925
100,0.076690197
101,0.076250553
102,0.076179743
103,0.076175213
104,0.076198578
105,0.076355457
106,0.076711416
107,0.076185703
108,0.076290846
109,0.076272726
110,0.076228142
111,0.076269150
112,0.076236248
113,0.076328754
114,0.076205730
115,0.076310158
116,0.076219559
117,0.076359510
118,0.076239586
119,0.076213598
120,0.076333046
121,0.076309919
122,0.076268911
123,0.076323748
124,0.076289415
125,0.076523304
126,0.076289177
127,0.076370716
128,0.076642990
129,0.076551437
130,0.076464891
131,0.076478958
132,0.076541424
133,0.076494455
134,0.076503277
135,0.077131271
136,0.076497555
137,0.076499224
138,0.076507568
139,0.076560259
140,0.076473475
141,0.076520920
142,0.076495409
143,0.076534748
144,0.076507568
145,0.076506853
146,0.076790571
147,0.076510668
148,0.076541662
149,0.076524019
150,0.076627254
151,0.076578379
152,0.076536179
153,0.076554775
154,0.076568365
155,0.076532364
156,0.076555967
157,0.076558352
158,0.076560974
159,0.076607466
160,0.076565266
161,0.076575518
162,0.076555014
163,0.076828480
164,0.076670408
165,0.076607704
166,0.076591730
167,0.076478481
168,0.076644659
169,0.076803446
170,0.076563120
171,0.076581955
172,0.076649189
173,0.076575994
174,0.076888800
175,0.076662779
176,0.076581478
177,0.076649904
178,0.076604366
179,0.076596022
180,0.076653957
181,0.076723576
182,0.076610804
183,0.076649904
184,0.076664209
185,0.076571703
186,0.076844215
187,0.076633930
188,0.076604128
189,0.076625586
190,0.076621771
191,0.076699257
192,0.076657295
193,0.076614857
194,0.076756239
195,0.076652050
196,0.076688051
197,0.076707125
198,0.076642752
199,0.077761173
200,0.076796532
201,0.076675415
202,0.076665878
203,0.076644897
204,0.076636553
205,0.076701641
206,0.076760530
207,0.076686859
208,0.077140093
209,0.076748848
210,0.076663971
211,0.076687336
212,0.076736450
213,0.076715469
214,0.076801777
215,0.076673269
216,0.076750517
217,0.076759577
218,0.077193260
219,0.076700211
220,0.078149557
221,0.076809168
222,0.076733351
223,0.076920033
224,0.076770067
225,0.076770067
226,0.076791763
227,0.076780796
228,0.076853514
229,0.076764345
230,0.076794147
231,0.076830387
232,0.076793194
233,0.076905251
234,0.076841831
235,0.076858044
236,0.076859713
237,0.076829433
238,0.076769590
239,0.076847076
240,0.076813221
241,0.076797962
242,0.076836824
243,0.076814413
244,0.076854467
245,0.076880693
246,0.077010632
247,0.077709436
248,0.076865196
249,0.076883316
250,0.076908350
251,0.076964855
252,0.076866627
253,0.076967239
254,0.076831818
