0,0.055886745
1,0.052963018
2,0.052448034
3,0.052485704
4,0.052331448
5,0.052766562
6,0.052348137
7,0.053487062
8,0.052351236
9,0.052813530
10,0.052337170
11,0.052628279
12,0.052390814
13,0.053183794
14,0.052288771
15,0.053618908
16,0.052366495
17,0.052660227
18,0.052520037
19,0.052521467
20,0.052466393
21,0.052461624
22,0.052494526
23,0.052624464
24,0.052339792
25,0.052716255
26,0.052284479
27,0.052536249
28,0.052452326
29,0.053355455
30,0.052575350
31,0.052582502
32,0.052646399
33,0.052714586
34,0.052362204
35,0.052516460
36,0.053686142
37,0.052834988
38,0.052570820
39,0.052591085
40,0.052561998
41,0.052598715
42,0.052526236
43,0.052598476
44,0.052449703
45,0.052550316
46,0.052450657
47,0.052599430
48,0.052485704
49,0.052744627
50,0.052486420
51,0.052556515
52,0.053447008
53,0.052475214
54,0.052623034
55,0.052500963
56,0.052383423
57,0.052651405
58,0.052340984
59,0.052648306
60,0.052457571
61,0.052680254
62,0.052997112
63,0.052693844
64,0.053645611
65,0.053058624
66,0.052743435
67,0.052501202
68,0.052363634
69,0.052777529
70,0.052563906
71,0.052709103
72,0.052604914
73,0.053504467
74,0.052681208
75,0.052973986
76,0.052664518
77,0.052707911
78,0.052573919
79,0.052457094
80,0.052490950
81,0.053412199
82,0.052776575
83,0.054333687
84,0.052586079
85,0.052704811
86,0.052510977
87,0.052645683
88,0.054023027
89,0.053449869
90,0.053514004
91,0.052716494
92,0.053113937
93,0.052740812
94,0.052588940
95,0.052699804
96,0.053015232
97,0.052769899
98,0.052591801
99,0.052539587
100,0.057017088
101,0.052873373
102,0.052570581
103,0.053329706
104,0.053494453
105,0.052746773
106,0.052380800
107,0.052675247
108,0.052596807
109,0.052703619
110,0.052579641
111,0.052556992
112,0.052598476
113,0.053157330
114,0.052472830
115,0.052665710
116,0.052501917
117,0.052634239
118,0.052569628
119,0.052611828
120,0.052501440
121,0.052798748
122,0.052523851
123,0.052674055
124,0.052359819
125,0.052597046
126,0.052597523
127,0.052540064
128,0.052515507
129,0.052479267
130,0.052752972
131,0.052668095
132,0.052620649
133,0.052667856
134,0.053753376
135,0.052712440
136,0.052639484
137,0.053475142
138,0.052584171
139,0.053236961
140,0.052472830
141,0.054141760
142,0.052478552
143,0.052766085
144,0.052641869
145,0.052747965
146,0.052474260
147,0.053643703
148,0.052486897
149,0.052764177
150,0.052640676
151,0.052644730
152,0.052601576
153,0.052670956
154,0.052807570
155,0.053714514
156,0.052679300
157,0.052612305
158,0.052455187
159,0.052627802
160,0.052610636
161,0.052787066
162,0.052644253
163,0.052589178
164,0.052666187
165,0.053891897
166,0.053196669
167,0.052844286
168,0.052681208
169,0.053532600
170,0.052478313
171,0.052758455
172,0.052561998
173,0.052883148
174,0.054288387
175,0.052822113
176,0.053154945
177,0.052609205
178,0.053214073
179,0.052754879
180,0.053178072
181,0.052930117
182,0.052652836
183,0.057109833
184,0.052824974
185,0.053185701
186,0.052732944
187,0.052768469
188,0.052465916
189,0.052712440
190,0.052584887
191,0.052746534
192,0.052772045
193,0.053230286
194,0.052572727
195,0.052825928
196,0.052778959
197,0.053019285
198,0.052489996
199,0.052681208
200,0.054165840
201,0.052819490
202,0.052681208
203,0.052584171
204,0.052671194
205,0.052786112
206,0.052649021
207,0.052830219
208,0.052626610
209,0.052795172
210,0.053580046
211,0.052740335
212,0.052738667
213,0.052623749
214,0.052634716
215,0.052767992
216,0.052808046
217,0.053014755
218,0.052603006
219,0.052869558
220,0.052793264
221,0.054077625
222,0.052632332
223,0.052864075
224,0.052865028
225,0.053349972
226,0.052665949
227,0.052953959
228,0.052644253
229,0.052891970
230,0.052734613
231,0.052858829
232,0.052891731
233,0.053794384
234,0.052789927
235,0.052691460
236,0.052647829
237,0.052868366
238,0.052767038
239,0.052831888
240,0.052748680
241,0.052759171
242,0.052778721
243,0.052771568
244,0.053090334
245,0.052875042
246,0.052817822
247,0.052995205
248,0.052880287
249,0.052847385
250,0.052908182
251,0.052769899
252,0.052788734
253,0.053054094
254,0.052685738
