0,0.037342310
1,0.034928083
2,0.034917831
3,0.034918547
4,0.034929514
5,0.034916401
6,0.034905195
7,0.034859180
8,0.034827709
9,0.034842491
10,0.034927845
11,0.034900188
12,0.034876585
13,0.034847975
14,0.034816504
15,0.035599232
16,0.034876108
17,0.035196066
18,0.034931660
19,0.034862280
20,0.034901619
21,0.034837723
22,0.034842730
23,0.034852266
24,0.034883499
25,0.034889936
26,0.034911871
27,0.034928083
28,0.034909248
29,0.034966469
30,0.034907579
31,0.034944534
32,0.034904242
33,0.034932137
34,0.034907579
35,0.034868002
36,0.034916401
37,0.034874678
38,0.034900665
39,0.034897804
40,0.034888983
41,0.034855604
42,0.034878731
43,0.034850836
44,0.034922123
45,0.034916878
46,0.034875870
47,0.034843445
48,0.034861803
49,0.034906387
50,0.034873962
51,0.034861565
52,0.034871817
53,0.035029888
54,0.034860373
55,0.037309885
56,0.035217762
57,0.034887552
58,0.035552502
59,0.035164356
60,0.034924984
61,0.034910440
62,0.034962416
63,0.035726070
64,0.034944773
65,0.034906626
66,0.034920931
67,0.035023928
68,0.034927845
69,0.034916639
70,0.034905195
71,0.034893990
72,0.034908772
73,0.034867287
74,0.034923077
75,0.034850597
76,0.034868717
77,0.034889221
78,0.034908533
79,0.034882784
80,0.034895182
81,0.034925699
82,0.034865618
83,0.034915924
84,0.034868240
85,0.034839630
86,0.034920931
87,0.034901619
88,0.034881115
89,0.034862518
90,0.034863234
91,0.034909248
92,0.034899712
93,0.034916878
94,0.034943819
95,0.034904957
96,0.035556793
97,0.034875154
98,0.034861088
99,0.034888268
100,0.034863472
101,0.034877300
102,0.034894705
103,0.034939289
104,0.034903765
105,0.034864187
106,0.034877300
107,0.034852982
108,0.034893513
109,0.034878969
110,0.035052776
111,0.034918547
112,0.034929752
113,0.034904480
114,0.034892082
115,0.035185814
116,0.034893036
117,0.035177469
118,0.034904003
119,0.034879684
120,0.034860134
121,0.034835577
122,0.034924984
123,0.034846783
124,0.035110235
125,0.034836054
126,0.034875154
127,0.034888744
128,0.034883499
129,0.034868002
130,0.034855604
131,0.034915447
132,0.034897804
133,0.034882307
134,0.034916401
135,0.034909964
136,0.034813881
137,0.034798861
138,0.034923077
139,0.035320520
140,0.034878016
141,0.034882784
142,0.034845829
143,0.034877062
144,0.034825802
145,0.034930706
146,0.034911633
147,0.034964323
148,0.034894228
149,0.034921408
150,0.034828424
151,0.034856081
152,0.034829140
153,0.035856962
154,0.034896374
155,0.034876347
156,0.034921169
157,0.034912586
158,0.034861565
159,0.034857035
160,0.034838200
161,0.034876585
162,0.034866810
163,0.034934998
164,0.034890175
165,0.035157919
166,0.034913301
167,0.034950018
168,0.035221577
169,0.034920692
170,0.034903526
171,0.034909487
172,0.034842491
173,0.034901857
174,0.034925461
175,0.034870148
176,0.034904003
177,0.034883261
178,0.034893990
179,0.034848213
180,0.034880400
181,0.034869194
182,0.034845114
183,0.034926414
184,0.034898520
185,0.034864187
186,0.034897804
187,0.034871340
188,0.034888983
189,0.034853935
190,0.034806252
191,0.034868002
192,0.034848452
193,0.034889460
194,0.034898281
195,0.034936905
196,0.034856796
197,0.034898281
198,0.034934521
199,0.034897089
200,0.034828424
201,0.034856081
202,0.034917116
203,0.034890413
204,0.034854174
205,0.034873962
206,0.035874844
207,0.034978628
208,0.034863710
209,0.034848452
210,0.034861565
211,0.035946131
212,0.035005569
213,0.034878731
214,0.034875631
215,0.035146475
216,0.034897327
217,0.034922600
218,0.034907341
219,0.034907341
220,0.034888744
221,0.034914017
222,0.034890890
223,0.034906149
224,0.034931183
225,0.034903765
226,0.034822226
227,0.034891367
228,0.034868479
229,0.034867287
230,0.034904480
231,0.034883499
232,0.034907579
233,0.034897089
234,0.034892082
235,0.034866333
236,0.034871578
237,0.034853697
238,0.034870625
239,0.034901857
240,0.034878731
241,0.034872055
242,0.034893274
243,0.034885645
244,0.034913540
245,0.034855366
246,0.034845829
247,0.034891844
248,0.034866810
249,0.034898996
250,0.035172939
251,0.035039425
252,0.035007238
253,0.034880877
254,0.034878731
