0,0.086512566
1,0.085201263
2,0.081869841
3,0.081230640
4,0.082393169
5,0.081180334
6,0.081405640
7,0.081943512
8,0.081392527
9,0.081788778
10,0.081381321
11,0.081438780
12,0.081425428
13,0.081187963
14,0.081384659
15,0.081869841
16,0.081622362
17,0.081228495
18,0.082172871
19,0.081330538
20,0.081431150
21,0.081273556
22,0.081435680
23,0.081204891
24,0.081504345
25,0.081158400
26,0.081485271
27,0.081198931
28,0.081474781
29,0.081100702
30,0.081511736
31,0.081169605
32,0.081529140
33,0.081332684
34,0.081563234
35,0.081181526
36,0.081513405
37,0.081506014
38,0.082248926
39,0.081161976
40,0.081485987
41,0.081174374
42,0.081450701
43,0.081226110
44,0.081471205
45,0.081254005
46,0.081520319
47,0.081161737
48,0.081477165
49,0.081235886
50,0.081584215
51,0.081232786
52,0.081445694
53,0.081288576
54,0.081939697
55,0.081383467
56,0.081498861
57,0.081319332
58,0.081646442
59,0.081299067
60,0.081686974
61,0.081350803
62,0.081598043
63,0.081314564
64,0.082216740
65,0.081383944
66,0.081616640
67,0.081284046
68,0.081576347
69,0.081271172
70,0.081556320
71,0.081510305
72,0.081627607
73,0.081347227
74,0.081882954
75,0.081415415
76,0.081667900
77,0.081354380
78,0.081724405
79,0.081351995
80,0.081892252
81,0.081992865
82,0.081634283
83,0.081440210
84,0.081734657
85,0.081434011
86,0.081925631
87,0.081450462
88,0.081761360
89,0.081474781
90,0.081805706
91,0.081500530
92,0.083531618
93,0.081883430
94,0.081750870
95,0.081560135
96,0.083004475
97,0.081667662
98,0.081783056
99,0.081564903
100,0.081712008
101,0.081577778
102,0.082944393
103,0.082415342
104,0.081788540
105,0.081529140
106,0.081879377
107,0.081660748
108,0.081962585
109,0.081543684
110,0.081830978
111,0.081577301
112,0.081839323
113,0.081620932
114,0.081846714
115,0.081670046
116,0.081874371
117,0.081617832
118,0.081813812
119,0.081592321
120,0.081930399
121,0.081654072
122,0.081851006
123,0.081727982
124,0.082485914
125,0.081656456
126,0.081996679
127,0.081706047
128,0.082137108
129,0.082506657
130,0.082107067
131,0.081781387
132,0.082258940
133,0.081933260
134,0.082157135
135,0.081957579
136,0.082183361
137,0.081983566
138,0.082163334
139,0.082068205
140,0.082350254
141,0.081929207
142,0.082228899
143,0.081943512
144,0.082381248
145,0.082779884
146,0.082290888
147,0.081985235
148,0.082299471
149,0.082000256
150,0.082322121
151,0.081975937
152,0.082245111
153,0.081959724
154,0.082175016
155,0.081982374
156,0.082217455
157,0.081999540
158,0.082223415
159,0.081917763
160,0.082286358
161,0.082018614
162,0.082264662
163,0.081922054
164,0.082275867
165,0.082096100
166,0.082207441
167,0.082017660
168,0.082252264
169,0.082218170
170,0.083213568
171,0.082163572
172,0.082241058
173,0.082043171
174,0.082274437
175,0.082020521
176,0.082324743
177,0.081986666
178,0.082235813
179,0.082714319
180,0.082364082
181,0.082070112
182,0.082300186
183,0.082117319
184,0.082273483
185,0.082076788
186,0.082365751
187,0.082623482
188,0.082739592
189,0.082659960
190,0.082386971
191,0.082416296
192,0.082517862
193,0.083970308
194,0.082483768
195,0.082129717
196,0.082439184
197,0.082241535
198,0.082438946
199,0.082129478
200,0.082289934
201,0.082242489
202,0.082382679
203,0.082148790
204,0.082367659
205,0.082196474
206,0.082442284
207,0.082189798
208,0.082432985
209,0.082169294
210,0.082496405
211,0.082293272
212,0.082507372
213,0.082290411
214,0.082585573
215,0.082199335
216,0.082721472
217,0.082240582
218,0.084087610
219,0.082643270
220,0.082474947
221,0.082252026
222,0.082504988
223,0.082305670
224,0.082609177
225,0.082266569
226,0.082525492
227,0.082328081
228,0.082556725
229,0.082321882
230,0.082600355
231,0.082283020
232,0.083303452
233,0.082315207
234,0.082555294
235,0.082383633
236,0.082589388
237,0.082334995
238,0.083534718
239,0.082327127
240,0.082607985
241,0.082467079
242,0.082633018
243,0.082317591
244,0.082541943
245,0.082403898
246,0.082620382
247,0.082418919
248,0.082667112
249,0.082417965
250,0.084029913
251,0.082892179
252,0.082847357
253,0.082727194
254,0.082728386
