0,0.058527470
1,0.052912235
2,0.052881956
3,0.052626371
4,0.052234411
5,0.052281618
6,0.052544355
7,0.052523851
8,0.052093983
9,0.052135944
10,0.052586317
11,0.052194118
12,0.052218914
13,0.052582741
14,0.052101135
15,0.052092314
16,0.052232265
17,0.052083015
18,0.052555084
19,0.052027941
20,0.052135468
21,0.052581787
22,0.052199841
23,0.052085400
24,0.053161383
25,0.052224398
26,0.052266598
27,0.052586794
28,0.052609444
29,0.052257538
30,0.052210331
31,0.052530527
32,0.052263021
33,0.052294016
34,0.052625179
35,0.052620411
36,0.052127600
37,0.053020716
38,0.052620411
39,0.053474426
40,0.052107573
41,0.052582979
42,0.052379131
43,0.052260160
44,0.052616358
45,0.052610874
46,0.052262068
47,0.052237272
48,0.052627087
49,0.052158117
50,0.052151680
51,0.053235769
52,0.052054405
53,0.052251577
54,0.052584648
55,0.052224874
56,0.052251577
57,0.052579880
58,0.052253485
59,0.052101612
60,0.052575350
61,0.052296162
62,0.052127600
63,0.052743196
64,0.052249193
65,0.052259922
66,0.052608013
67,0.052567720
68,0.052592993
69,0.052186251
70,0.052577734
71,0.052615404
72,0.052541494
73,0.052294016
74,0.052621603
75,0.052650928
76,0.053995371
77,0.052366734
78,0.052598715
79,0.052513123
80,0.054147482
81,0.052645922
82,0.052661896
83,0.052332878
84,0.052324057
85,0.052663088
86,0.052110672
87,0.052455664
88,0.052661896
89,0.052275181
90,0.052721977
91,0.052894115
92,0.052303076
93,0.052184582
94,0.052649975
95,0.053811789
96,0.052314043
97,0.052615404
98,0.052311182
99,0.052311897
100,0.052934647
101,0.052639246
102,0.052369833
103,0.052336454
104,0.052284718
105,0.052512407
106,0.052607775
107,0.052262545
108,0.052355528
109,0.052642822
110,0.052651644
111,0.052277565
112,0.052324057
113,0.052690029
114,0.052646399
115,0.052654028
116,0.052172422
117,0.053174973
118,0.052816868
119,0.052301168
120,0.052264929
121,0.053221941
122,0.052670240
123,0.052405357
124,0.052724600
125,0.052369833
126,0.052412510
127,0.052722692
128,0.052682161
129,0.052417278
130,0.052539349
131,0.052732944
132,0.052736282
133,0.052356005
134,0.052453756
135,0.052726746
136,0.052363157
137,0.052272797
138,0.052874565
139,0.052731991
140,0.052708864
141,0.052280664
142,0.052391768
143,0.052702188
144,0.052843571
145,0.052495480
146,0.053020239
147,0.052601814
148,0.052469730
149,0.052722931
150,0.052229404
151,0.052448034
152,0.052708387
153,0.052725077
154,0.052400827
155,0.053842306
156,0.052786350
157,0.052373886
158,0.052441597
159,0.052716017
160,0.052819967
161,0.052738190
162,0.052737474
163,0.052423000
164,0.052553177
165,0.052405834
166,0.052453518
167,0.052781820
168,0.052336454
169,0.052440643
170,0.052767277
171,0.053073168
172,0.052789688
173,0.053322077
174,0.052490234
175,0.052449226
176,0.052742720
177,0.052731514
178,0.052434683
179,0.052304745
180,0.052793503
181,0.052787066
182,0.052386761
183,0.052332878
184,0.052772045
185,0.052462816
186,0.052448034
187,0.052763939
188,0.052350044
189,0.052515268
190,0.052800417
191,0.052783012
192,0.052792788
193,0.052439690
194,0.052489042
195,0.052427053
196,0.052448511
197,0.052831888
198,0.052311420
199,0.052378893
200,0.052831411
201,0.052812815
202,0.052816391
203,0.052771568
204,0.052283525
205,0.052469015
206,0.052341461
207,0.052482843
208,0.052460909
209,0.052536726
210,0.052800179
211,0.052276373
212,0.052559376
213,0.052788734
214,0.052646399
215,0.053178549
216,0.052888632
217,0.052563667
218,0.052592039
219,0.052754641
220,0.052547693
221,0.052829504
222,0.052318573
223,0.052432299
224,0.052883387
225,0.052826881
226,0.052500725
227,0.052537441
228,0.052466154
229,0.052588940
230,0.052546263
231,0.052351952
232,0.053463936
233,0.052514553
234,0.052396774
235,0.052843332
236,0.052525282
237,0.052574158
238,0.052879572
239,0.052843809
240,0.052851915
241,0.053429365
242,0.052524567
243,0.052821875
244,0.052493334
245,0.052561283
246,0.052872896
247,0.052498579
248,0.052577257
249,0.053062439
250,0.052533865
251,0.052580357
252,0.052865267
253,0.052488804
254,0.052578211
