0,0.076061010
1,0.071954966
2,0.071884155
3,0.071784973
4,0.071870089
5,0.071822166
6,0.071823359
7,0.071846724
8,0.071811914
9,0.071840525
10,0.071847916
11,0.071778297
12,0.071729183
13,0.071782112
14,0.071752548
15,0.072622299
16,0.071851015
17,0.071825743
18,0.071749210
19,0.071803808
20,0.071778297
21,0.071825504
22,0.071802378
23,0.071788549
24,0.071829081
25,0.071904182
26,0.071850777
27,0.071782351
28,0.071833611
29,0.071830273
30,0.071864128
31,0.071829557
32,0.071814060
33,0.071852922
34,0.071803093
35,0.071866751
36,0.071858883
37,0.072945356
38,0.071873426
39,0.071855068
40,0.071855307
41,0.071788788
42,0.071785688
43,0.071852684
44,0.071847916
45,0.072350025
46,0.071907997
47,0.071810484
48,0.071880817
49,0.071883678
50,0.071888685
51,0.071906567
52,0.071844101
53,0.071877003
54,0.071950674
55,0.071906567
56,0.071838379
57,0.071846485
58,0.071880341
59,0.071909428
60,0.071930885
61,0.071939230
62,0.071887970
63,0.071859360
64,0.072041035
65,0.071898222
66,0.071894169
67,0.071932554
68,0.071913242
69,0.071871996
70,0.072407961
71,0.071941614
72,0.072007656
73,0.071951628
74,0.071901560
75,0.071906805
76,0.071858406
77,0.071901560
78,0.071918488
79,0.071966171
80,0.071964502
81,0.071920633
82,0.071877956
83,0.071973324
84,0.071960211
85,0.071904659
86,0.071925402
87,0.071930885
88,0.072676420
89,0.071913242
90,0.072003603
91,0.071950197
92,0.071979284
93,0.071969986
94,0.071969986
95,0.071980953
96,0.071960211
97,0.072032690
98,0.071930885
99,0.071954489
100,0.071922064
101,0.071985960
102,0.072619915
103,0.071990728
104,0.071991205
105,0.072003126
106,0.072046518
107,0.072045088
108,0.071938515
109,0.072051764
110,0.072006941
111,0.072004795
112,0.072038174
113,0.072043657
114,0.071965456
115,0.071958303
116,0.072063208
117,0.072053671
118,0.072085142
119,0.072072506
120,0.072096348
121,0.072071314
122,0.072056293
123,0.072073698
124,0.072097540
125,0.072095394
126,0.072110891
127,0.072092295
128,0.072270632
129,0.072275162
130,0.072269917
131,0.072199821
132,0.072282791
133,0.073049545
134,0.072254896
135,0.072304726
136,0.072219133
137,0.072257042
138,0.072314262
139,0.072222233
140,0.072299004
141,0.072232723
142,0.072210550
143,0.072260857
144,0.072375536
145,0.072282076
146,0.072305918
147,0.073293924
148,0.072295189
149,0.072321892
150,0.072379112
151,0.072814465
152,0.072441816
153,0.072571754
154,0.073824644
155,0.072295666
156,0.072511435
157,0.072277069
158,0.072436094
159,0.072299242
160,0.072357655
161,0.072286367
162,0.072283268
163,0.072290659
164,0.073025703
165,0.072288513
166,0.072268486
167,0.072323084
168,0.072507143
169,0.073176384
170,0.072266102
171,0.072291613
172,0.072611094
173,0.072332621
174,0.072358131
175,0.072320700
176,0.072346449
177,0.072364330
178,0.072384357
179,0.072371960
180,0.072392702
181,0.072338343
182,0.072329521
183,0.072288036
184,0.072303772
185,0.072393179
186,0.072468758
187,0.072437048
188,0.072679520
189,0.072373629
190,0.072343349
191,0.072363377
192,0.072363377
193,0.072591782
194,0.072433710
195,0.072420597
196,0.072303772
197,0.072369337
198,0.072417974
199,0.072454929
200,0.072367668
201,0.072364569
202,0.072456360
203,0.072382927
204,0.072445154
205,0.072422266
206,0.072408915
207,0.072460175
208,0.072843075
209,0.072468996
210,0.072978258
211,0.072553873
212,0.072450876
213,0.072456121
214,0.072465420
215,0.072387934
216,0.072427750
217,0.072482824
218,0.073783159
219,0.072567701
220,0.072506189
221,0.072484255
222,0.072500229
223,0.072508335
224,0.072474241
225,0.072440147
226,0.072570801
227,0.072503805
228,0.073168516
229,0.072627783
230,0.072424173
231,0.072524786
232,0.072550535
233,0.072513103
234,0.072571278
235,0.072747231
236,0.072506666
237,0.072479963
238,0.072544575
239,0.072560310
240,0.072595835
241,0.072575331
242,0.073048830
243,0.072479963
244,0.072571754
245,0.072527170
246,0.072587490
247,0.072651386
248,0.073163986
249,0.072652578
250,0.072613716
251,0.072523594
252,0.072602749
253,0.072541952
254,0.072580338
