0,0.120522261
1,0.115494490
2,0.114101410
3,0.114324331
4,0.114424944
5,0.114514589
6,0.114281893
7,0.114074469
8,0.114091873
9,0.115033388
10,0.114610434
11,0.114240885
12,0.113989592
13,0.113876343
14,0.114732981
15,0.114804983
16,0.115230560
17,0.114261150
18,0.114257336
19,0.114282370
20,0.115039110
21,0.114397526
22,0.114217520
23,0.114161491
24,0.114099026
25,0.114100933
26,0.113971710
27,0.114274502
28,0.114352942
29,0.114283323
30,0.114460468
31,0.114178658
32,0.114026785
33,0.114278316
34,0.114540815
35,0.114654541
36,0.114015579
37,0.114615202
38,0.114165545
39,0.114453554
40,0.114009380
41,0.114018679
42,0.114181280
43,0.114403725
44,0.114534855
45,0.114465475
46,0.114863157
47,0.114950895
48,0.114201546
49,0.114210606
50,0.113935232
51,0.114148140
52,0.114495754
53,0.114443779
54,0.114541769
55,0.114556074
56,0.114558458
57,0.114315748
58,0.114471436
59,0.114413023
60,0.115419626
61,0.114523649
62,0.114765882
63,0.115556717
64,0.115822315
65,0.115149975
66,0.114403725
67,0.114129305
68,0.114502668
69,0.115365028
70,0.114327908
71,0.114450932
72,0.114325285
73,0.114957094
74,0.114918947
75,0.114454508
76,0.114211798
77,0.114573479
78,0.115661621
79,0.114444971
80,0.114532471
81,0.115770340
82,0.114671946
83,0.114333868
84,0.114570379
85,0.114947319
86,0.114993572
87,0.114525080
88,0.114774704
89,0.114726067
90,0.114821434
91,0.114555836
92,0.114503860
93,0.115347862
94,0.114522696
95,0.115338087
96,0.115513563
97,0.114980936
98,0.115167856
99,0.114581347
100,0.114671230
101,0.115060568
102,0.114712477
103,0.114348888
104,0.114670038
105,0.114968777
106,0.114557505
107,0.114824533
108,0.114621878
109,0.114437819
110,0.114659309
111,0.114697456
112,0.114839554
113,0.114699125
114,0.114633322
115,0.114569664
116,0.115353346
117,0.114513159
118,0.114520788
119,0.115117073
120,0.115005016
121,0.115060329
122,0.115035057
123,0.115200043
124,0.115137577
125,0.114780664
126,0.115140200
127,0.115210295
128,0.115349293
129,0.115786552
130,0.115749121
131,0.116468906
132,0.115825415
133,0.115699053
134,0.115277052
135,0.116064787
136,0.115442038
137,0.115360975
138,0.115161180
139,0.115382195
140,0.116580009
141,0.115339518
142,0.115468979
143,0.116585493
144,0.115360975
145,0.115443468
146,0.115463495
147,0.118225098
148,0.115912676
149,0.115720510
150,0.115639448
151,0.115719318
152,0.115144253
153,0.115224838
154,0.115643978
155,0.116349697
156,0.115694284
157,0.116727829
158,0.115109921
159,0.115852594
160,0.115656853
161,0.115468740
162,0.115809441
163,0.115239143
164,0.115117788
165,0.115288019
166,0.115411043
167,0.115231276
168,0.115985394
169,0.116089821
170,0.115227938
171,0.115247011
172,0.115815163
173,0.115932941
174,0.115445375
175,0.115478992
176,0.115453482
177,0.115314484
178,0.116084814
179,0.115423441
180,0.115433931
181,0.116025925
182,0.115660191
183,0.115189314
184,0.115875006
185,0.115526438
186,0.115668774
187,0.115245342
188,0.115453720
189,0.116023302
190,0.115566492
191,0.115653992
192,0.115424871
193,0.115784168
194,0.115912199
195,0.115988493
196,0.115505934
197,0.115470648
198,0.115556717
199,0.115466833
200,0.115744829
201,0.115523815
202,0.115452051
203,0.115864277
204,0.115858078
205,0.117540121
206,0.115815878
207,0.116047859
208,0.115933657
209,0.115805149
210,0.116918802
211,0.116505623
212,0.115945339
213,0.115525961
214,0.116207361
215,0.115618944
216,0.115526199
217,0.115689993
218,0.115859032
219,0.116127253
220,0.115445852
221,0.116151094
222,0.116061687
223,0.115826607
224,0.115962029
225,0.115693808
226,0.115514517
227,0.115853071
228,0.115891218
229,0.115799427
230,0.115526199
231,0.115962029
232,0.116181612
233,0.116180658
234,0.115594625
235,0.115964174
236,0.115760565
237,0.116113186
238,0.116978884
239,0.115856647
240,0.115741968
241,0.115784407
242,0.115717888
243,0.115627766
244,0.115803003
245,0.115928650
246,0.115796089
247,0.115903378
248,0.116800547
249,0.115717173
250,0.115670204
251,0.116067886
252,0.116351366
253,0.116150618
254,0.115930557
