0,0.083886623
1,0.078969717
2,0.079140902
3,0.078903198
4,0.079142809
5,0.079025745
6,0.078992605
7,0.078917503
8,0.079698086
9,0.079010010
10,0.080068111
11,0.078996897
12,0.079163074
13,0.078962326
14,0.079154015
15,0.079001188
16,0.080032110
17,0.079182386
18,0.080303192
19,0.080141783
20,0.079392672
21,0.078991413
22,0.079114437
23,0.078946590
24,0.079158306
25,0.078995943
26,0.079829454
27,0.078996897
28,0.079124212
29,0.079098225
30,0.079177380
31,0.078997135
32,0.079200983
33,0.079066753
34,0.079203367
35,0.079076052
36,0.079171658
37,0.079054117
38,0.079653978
39,0.079820633
40,0.079114199
41,0.079030752
42,0.079174519
43,0.079087496
44,0.079287052
45,0.079110861
46,0.079259157
47,0.079002619
48,0.079215050
49,0.079086542
50,0.080207825
51,0.079156876
52,0.079175711
53,0.079128742
54,0.079250336
55,0.079112053
56,0.079258919
57,0.079056263
58,0.079296112
59,0.079452515
60,0.079350948
61,0.079128027
62,0.079236984
63,0.079127312
64,0.079289198
65,0.079058170
66,0.079316139
67,0.079203367
68,0.079982519
69,0.079318047
70,0.079253197
71,0.079168081
72,0.079336166
73,0.079189301
74,0.079332590
75,0.079273701
76,0.079265594
77,0.079225063
78,0.079377890
79,0.079162836
80,0.079268217
81,0.079199076
82,0.079405546
83,0.079203606
84,0.079377413
85,0.079229832
86,0.079398394
87,0.079180956
88,0.079420567
89,0.079251051
90,0.079414606
91,0.079364300
92,0.079351425
93,0.079150200
94,0.079446316
95,0.079252720
96,0.079434395
97,0.079263449
98,0.079453707
99,0.079300404
100,0.079495668
101,0.079281330
102,0.079541683
103,0.079292297
104,0.080103397
105,0.079534531
106,0.079538107
107,0.079277992
108,0.079382658
109,0.079275131
110,0.079501152
111,0.079308033
112,0.079610586
113,0.079488993
114,0.079798698
115,0.079405785
116,0.080788851
117,0.079942226
118,0.079577684
119,0.079500914
120,0.079571724
121,0.079383612
122,0.079540253
123,0.079425812
124,0.080275297
125,0.079349518
126,0.079596281
127,0.079364061
128,0.080215693
129,0.079655409
130,0.079700708
131,0.079658508
132,0.079798937
133,0.079649448
134,0.079934359
135,0.079741240
136,0.079835415
137,0.079686165
138,0.079880238
139,0.079705000
140,0.080110550
141,0.079691648
142,0.079831600
143,0.079791307
144,0.079820871
145,0.080807686
146,0.079935789
147,0.080036879
148,0.079972982
149,0.079809427
150,0.079907894
151,0.080332279
152,0.079945564
153,0.079758644
154,0.079897404
155,0.079789162
156,0.080096006
157,0.079761505
158,0.079934597
159,0.079736710
160,0.079946280
161,0.079759836
162,0.079930305
163,0.079797983
164,0.079919577
165,0.080119848
166,0.079998255
167,0.080287218
168,0.079955339
169,0.079844475
170,0.079962730
171,0.079819679
172,0.079968691
173,0.079919100
174,0.079966068
175,0.079823971
176,0.079986334
177,0.079949379
178,0.080250978
179,0.080576897
180,0.080028772
181,0.079844952
182,0.080047369
183,0.079938173
184,0.080871820
185,0.079799891
186,0.080060244
187,0.079930782
188,0.081090212
189,0.079953194
190,0.080070019
191,0.079951048
192,0.080010891
193,0.079910755
194,0.080159426
195,0.080062389
196,0.080075741
197,0.079913378
198,0.080073595
199,0.079940796
200,0.079981089
201,0.079902649
202,0.080004692
203,0.079908371
204,0.080152273
205,0.080389023
206,0.080115557
207,0.080470324
208,0.080127239
209,0.080489874
210,0.080243111
211,0.080043316
212,0.080332756
213,0.081188202
214,0.080147982
215,0.080243826
216,0.080144405
217,0.080041647
218,0.080137730
219,0.080004692
220,0.080125809
221,0.079899311
222,0.080220222
223,0.079968691
224,0.080245018
225,0.080063820
226,0.080176830
227,0.079950333
228,0.080115557
229,0.080164194
230,0.080711603
231,0.080911875
232,0.080201149
233,0.080112219
234,0.080239534
235,0.080029964
236,0.080167055
237,0.080009460
238,0.080220938
239,0.080172062
240,0.080266714
241,0.080418587
242,0.080254316
243,0.080081940
244,0.080329418
245,0.080124855
246,0.080344677
247,0.081153154
248,0.080322981
249,0.080120325
250,0.080372810
251,0.080825329
252,0.080348015
253,0.080110312
254,0.080337048
