0,0.117062569
1,0.111530542
2,0.110353947
3,0.111057520
4,0.110108614
5,0.110196352
6,0.110801220
7,0.110825539
8,0.110147715
9,0.110113382
10,0.110932827
11,0.110096216
12,0.110082865
13,0.109977722
14,0.110103369
15,0.110051155
16,0.110140800
17,0.110156298
18,0.110074997
19,0.110046625
20,0.110238075
21,0.110111237
22,0.110313416
23,0.110553503
24,0.110241413
25,0.110197306
26,0.110238314
27,0.110342979
28,0.110215187
29,0.110189915
30,0.110187054
31,0.110219717
32,0.110108137
33,0.110221863
34,0.110165119
35,0.110113144
36,0.110203743
37,0.110186100
38,0.110304356
39,0.110117435
40,0.110220671
41,0.110191107
42,0.110192776
43,0.110176325
44,0.110278130
45,0.110208988
46,0.110219002
47,0.111012697
48,0.110361814
49,0.110189915
50,0.110304356
51,0.110194683
52,0.110207319
53,0.110187054
54,0.110280275
55,0.110305548
56,0.110237360
57,0.110318184
58,0.110284090
59,0.110724926
60,0.110453367
61,0.110327005
62,0.110290051
63,0.110252142
64,0.110563517
65,0.110366821
66,0.110324383
67,0.110536098
68,0.111077070
69,0.110743999
70,0.112344503
71,0.110595465
72,0.110662460
73,0.110629559
74,0.110340357
75,0.110339403
76,0.110371828
77,0.111058235
78,0.110477924
79,0.110398769
80,0.110414743
81,0.110379696
82,0.110382557
83,0.110446453
84,0.111454248
85,0.110491514
86,0.110478401
87,0.110746145
88,0.110457182
89,0.110437155
90,0.110401630
91,0.110461473
92,0.110505342
93,0.110512495
94,0.110473633
95,0.110519886
96,0.111312151
97,0.110760450
98,0.110510349
99,0.110561848
100,0.110479355
101,0.110535622
102,0.110524654
103,0.110496759
104,0.110583782
105,0.110580921
106,0.110570192
107,0.110527039
108,0.110538483
109,0.110615492
110,0.111129999
111,0.110764503
112,0.111819983
113,0.110502005
114,0.110602140
115,0.110658407
116,0.110580444
117,0.110623598
118,0.110699654
119,0.110674381
120,0.111006975
121,0.110657215
122,0.110641718
123,0.111185551
124,0.110792160
125,0.110687971
126,0.110683203
127,0.110632181
128,0.111332178
129,0.110995293
130,0.111082554
131,0.110995054
132,0.111064911
133,0.111076593
134,0.111077547
135,0.111119747
136,0.111590624
137,0.111342907
138,0.111324310
139,0.111254930
140,0.111464500
141,0.112870693
142,0.111389875
143,0.111277819
144,0.112366199
145,0.112043381
146,0.111262321
147,0.111143112
148,0.111085415
149,0.111092329
150,0.111180305
151,0.111099958
152,0.111186266
153,0.111208200
154,0.112012148
155,0.111184359
156,0.111262083
157,0.111185074
158,0.111289024
159,0.111150980
160,0.112732649
161,0.111204147
162,0.111424446
163,0.111202240
164,0.111236095
165,0.111227036
166,0.111816883
167,0.111262083
168,0.111186266
169,0.111265182
170,0.111216068
171,0.111113310
172,0.111171484
173,0.111261368
174,0.112696648
175,0.111351728
176,0.111314058
177,0.111282587
178,0.111296654
179,0.111297607
180,0.111270428
181,0.111329079
182,0.111287355
183,0.111308575
184,0.111325502
185,0.111322165
186,0.111274481
187,0.111323118
188,0.112206459
189,0.111422777
190,0.111409426
191,0.111299515
192,0.111537933
193,0.111325979
194,0.111362219
195,0.111306667
196,0.111253500
197,0.111308813
198,0.111383438
199,0.111410141
200,0.111408710
201,0.111278534
202,0.111400127
203,0.111326694
204,0.111346960
205,0.111299753
206,0.111426830
207,0.111406326
208,0.111363649
209,0.111410618
210,0.111418486
211,0.111405134
212,0.111365318
213,0.111422300
214,0.111474991
215,0.111342192
216,0.111528397
217,0.111428499
218,0.111484766
219,0.111495733
220,0.112478733
221,0.111552000
222,0.111492157
223,0.111660242
224,0.111684799
225,0.111489058
226,0.111501455
227,0.111530304
228,0.111495018
229,0.111571789
230,0.111504078
231,0.111550808
232,0.111452818
233,0.111556053
234,0.111992121
235,0.111582518
236,0.111583471
237,0.111596823
238,0.111604691
239,0.111633778
240,0.111575127
241,0.111627102
242,0.111709118
243,0.111689329
244,0.111617327
245,0.111627340
246,0.111711502
247,0.112450838
248,0.111847639
249,0.111609459
250,0.111591339
251,0.111773968
252,0.111660004
253,0.111654043
254,0.111655474
