0,0.070680141
1,0.063374996
2,0.063784838
3,0.062877178
4,0.062804699
5,0.062883377
6,0.062923908
7,0.062729120
8,0.062575579
9,0.062807560
10,0.062734842
11,0.063481808
12,0.062995911
13,0.062791824
14,0.062805653
15,0.063294411
16,0.062832117
17,0.063358784
18,0.063050508
19,0.062666893
20,0.062783480
21,0.063760042
22,0.063026190
23,0.063015223
24,0.062945366
25,0.062687635
26,0.062815189
27,0.062813044
28,0.062655926
29,0.062766552
30,0.062633753
31,0.062748671
32,0.062765837
33,0.063577414
34,0.062658787
35,0.063459396
36,0.063402414
37,0.062738180
38,0.063561678
39,0.062824249
40,0.062698126
41,0.062638998
42,0.063576937
43,0.062777042
44,0.062845707
45,0.062805414
46,0.062804461
47,0.062722683
48,0.062900782
49,0.062752008
50,0.062758207
51,0.063387871
52,0.062942505
53,0.063799620
54,0.062837839
55,0.062670469
56,0.063544512
57,0.062813759
58,0.062786818
59,0.062938929
60,0.062820673
61,0.062803268
62,0.062737465
63,0.063662291
64,0.062826157
65,0.062886238
66,0.062780380
67,0.062779427
68,0.063574791
69,0.062854290
70,0.063269854
71,0.063338518
72,0.063815355
73,0.062748432
74,0.062850475
75,0.062945366
76,0.062829733
77,0.062997341
78,0.062851667
79,0.062852859
80,0.062925100
81,0.062869072
82,0.062922955
83,0.063084841
84,0.062870026
85,0.062998533
86,0.062941551
87,0.063018322
88,0.064425945
89,0.062963963
90,0.062988281
91,0.062997103
92,0.062999725
93,0.064277172
94,0.063489914
95,0.063562393
96,0.062885761
97,0.063092947
98,0.063657522
99,0.063160181
100,0.063140631
101,0.063061237
102,0.063717127
103,0.063117027
104,0.063092232
105,0.063141823
106,0.063098907
107,0.063032627
108,0.063108206
109,0.062916756
110,0.063067913
111,0.063013315
112,0.062968016
113,0.063021183
114,0.063106060
115,0.063757181
116,0.063208818
117,0.063220739
118,0.063064575
119,0.064522266
120,0.063156366
121,0.063170671
122,0.063182354
123,0.063180923
124,0.063158512
125,0.063181639
126,0.063015461
