0,0.047795296
1,0.044417858
2,0.044195175
3,0.044757366
4,0.044240236
5,0.044192791
6,0.044073820
7,0.044197083
8,0.044104338
9,0.044075966
10,0.044105530
11,0.044035673
12,0.044213533
13,0.044164181
14,0.044586897
15,0.044172049
16,0.044234276
17,0.044211864
18,0.044014215
19,0.044186592
20,0.044145346
21,0.044196367
22,0.044437885
23,0.044044018
24,0.046200752
25,0.044939995
26,0.044060707
27,0.044119120
28,0.044700146
29,0.044214725
30,0.044200182
31,0.044113874
32,0.044210911
33,0.044159412
34,0.044102430
35,0.044149876
36,0.044080496
37,0.044190645
38,0.044115782
39,0.045622587
40,0.044145107
41,0.044085979
42,0.044107199
43,0.044155598
44,0.044206381
45,0.044248343
46,0.044125557
47,0.044284821
48,0.044123888
49,0.044566393
50,0.044175625
51,0.044189215
52,0.045258284
53,0.044167757
54,0.044137001
55,0.044235706
56,0.044811487
57,0.044161558
58,0.044104576
59,0.044223547
60,0.044199705
61,0.044181824
62,0.045034409
63,0.044234753
64,0.044073582
65,0.044733286
66,0.044121504
67,0.044092894
68,0.044208050
69,0.044847965
70,0.044235706
71,0.044631243
72,0.044175863
73,0.044169664
74,0.044131517
75,0.044214487
76,0.044104338
77,0.044241667
78,0.044186831
79,0.044272900
80,0.045215845
81,0.044175863
82,0.044119835
83,0.044166088
84,0.044850826
85,0.044170141
86,0.044167995
87,0.044250488
88,0.044172764
89,0.044257402
90,0.044146061
91,0.044360638
92,0.044161081
93,0.044260979
94,0.044093609
95,0.044305086
96,0.044206381
97,0.044922352
98,0.044207573
99,0.044260025
100,0.044389486
101,0.044213295
102,0.044314623
103,0.044619560
104,0.044269323
105,0.044161320
106,0.044207096
107,0.044608116
108,0.044196129
109,0.044161320
110,0.044245720
111,0.044394016
112,0.045294046
113,0.044350624
114,0.044143677
115,0.044215918
116,0.044179916
117,0.044579268
118,0.044210434
119,0.044255257
120,0.044252872
121,0.044206381
122,0.044259310
123,0.044210434
124,0.044330835
125,0.044230938
126,0.044494867
127,0.044276237
128,0.044296980
129,0.044249296
130,0.044180870
131,0.044393301
132,0.044227839
133,0.044354916
134,0.045598030
135,0.044322491
136,0.044980764
137,0.044307232
138,0.044306517
139,0.044283152
140,0.044184923
141,0.044282436
142,0.045070887
143,0.044244528
144,0.044257879
145,0.044264078
146,0.045195580
147,0.044292688
148,0.044176579
149,0.044350386
150,0.044335365
151,0.045541286
152,0.044325590
153,0.044257164
154,0.044277668
155,0.044312716
156,0.044295788
157,0.044300318
158,0.044364929
159,0.044290304
160,0.044275522
161,0.044432163
162,0.044305563
163,0.044332504
164,0.044313669
165,0.044388056
166,0.044481039
167,0.044327497
168,0.044263601
169,0.044314146
170,0.044389963
171,0.044420719
172,0.044289112
173,0.044359684
174,0.044304609
175,0.044386387
176,0.044140577
177,0.044305563
178,0.044265747
179,0.044366598
180,0.044330835
181,0.044323206
182,0.044300079
183,0.044324875
184,0.044308424
185,0.045166969
186,0.044353962
187,0.044247866
188,0.044348717
189,0.044394255
190,0.044384003
191,0.044675827
192,0.044309855
193,0.044332266
194,0.044178724
195,0.044319391
196,0.044390202
197,0.044423819
198,0.044771194
199,0.044403791
200,0.044339180
201,0.045512676
202,0.044371367
203,0.044701099
204,0.044248819
205,0.044347525
206,0.044335842
207,0.044478893
208,0.044349432
209,0.044399738
210,0.044323444
211,0.044460773
212,0.044592619
213,0.044340611
214,0.044296980
215,0.044436693
216,0.044322252
217,0.044311047
218,0.044355392
219,0.044444323
220,0.044351816
221,0.044392586
222,0.044400930
223,0.044478655
224,0.044301271
225,0.044400454
226,0.044384480
227,0.044395208
228,0.044404268
229,0.044363260
230,0.044406176
231,0.044497967
232,0.044467926
233,0.044379950
234,0.045095682
235,0.044503212
236,0.044323921
237,0.044481277
238,0.044432163
239,0.044422150
240,0.044431686
241,0.044476509
242,0.044365644
243,0.044508219
244,0.044351101
245,0.044580936
246,0.044446945
247,0.044459820
248,0.044378996
249,0.044399500
250,0.044422626
251,0.044527769
252,0.044473648
253,0.044431686
254,0.044426680
