0,0.033822060
1,0.029869795
2,0.029759884
3,0.029779911
4,0.029788494
5,0.030894995
6,0.029793501
7,0.029798985
8,0.029803991
9,0.029940844
10,0.029751778
11,0.029807806
12,0.030470371
13,0.029740095
14,0.029767275
15,0.029758453
16,0.031587124
17,0.029902697
18,0.029794216
19,0.029768467
20,0.029844761
21,0.029738426
22,0.029796600
23,0.030090332
24,0.029861927
25,0.029779434
26,0.029776573
27,0.029839516
28,0.029773712
29,0.029797554
30,0.029769182
31,0.031159878
32,0.029789209
33,0.029778004
34,0.029824257
35,0.030577183
36,0.029795170
37,0.030352116
38,0.029777765
39,0.031796694
40,0.029793739
41,0.029851675
42,0.029811382
43,0.029806376
44,0.029909372
45,0.029815912
46,0.032910585
47,0.029989004
48,0.029772043
49,0.030522823
50,0.033214808
51,0.030739069
52,0.029792786
53,0.029809713
54,0.029741287
55,0.029879808
56,0.029740095
57,0.030012131
58,0.029809713
59,0.029814959
60,0.029812813
61,0.030256748
62,0.029793978
63,0.029798031
64,0.029869318
65,0.029761791
66,0.029779434
67,0.029858351
68,0.033819437
69,0.029964447
70,0.029778004
71,0.029826641
72,0.030285597
73,0.029947042
74,0.030768156
75,0.029957056
76,0.029855728
77,0.029788256
78,0.029968500
79,0.030583143
80,0.029858589
81,0.029819965
82,0.029844046
83,0.031456947
84,0.030484676
85,0.029775143
86,0.030609369
87,0.030606985
88,0.029792070
89,0.029803276
90,0.031975746
91,0.030199051
92,0.029790878
93,0.029875755
94,0.029812574
95,0.029834509
96,0.029818296
97,0.029836178
98,0.029835939
99,0.029819727
100,0.029772282
101,0.029809713
102,0.030026913
103,0.029836893
104,0.029899359
105,0.031213522
106,0.029813290
107,0.029812813
108,0.030230522
109,0.029933691
110,0.029803514
111,0.029809952
112,0.030148745
113,0.029802322
114,0.030315399
115,0.029829979
116,0.029922485
117,0.029789448
118,0.029827595
119,0.029924631
120,0.033583879
121,0.029921055
122,0.029884815
123,0.029952765
124,0.031184435
125,0.029881716
126,0.029887915
127,0.029899836
128,0.029871702
129,0.029835701
130,0.029812813
131,0.029830694
132,0.029795408
133,0.029825449
134,0.029827595
135,0.029843330
136,0.029821873
137,0.029831409
138,0.031017542
139,0.030628920
140,0.029852390
141,0.029887199
142,0.029916763
143,0.030806780
144,0.032112122
145,0.029890060
146,0.029931545
147,0.029868126
148,0.029942036
149,0.029966593
150,0.029880285
151,0.029862881
152,0.029819012
153,0.030306339
154,0.029853821
155,0.029858589
156,0.029851437
157,0.029952049
158,0.029922962
159,0.029911041
160,0.029829502
161,0.029885292
162,0.029899597
163,0.029855490
164,0.030094147
165,0.029876947
166,0.029877663
167,0.030002594
168,0.029979944
169,0.029838562
170,0.029840469
171,0.029872417
172,0.031552792
173,0.031903505
174,0.029882669
175,0.029880285
176,0.030117273
177,0.029896498
178,0.029850721
179,0.030496120
180,0.030130863
181,0.029900551
182,0.029895067
183,0.030091286
184,0.029990196
185,0.029860258
186,0.029886007
187,0.031411648
188,0.030067682
189,0.029913425
190,0.030018330
191,0.030437231
192,0.029935598
193,0.029874325
194,0.030368090
195,0.030135155
196,0.029875040
197,0.030628204
198,0.031102180
199,0.029931545
200,0.029882193
201,0.029906750
202,0.029925108
203,0.029941082
204,0.029845953
205,0.029918671
206,0.029878378
207,0.029909849
208,0.029902220
209,0.029917240
210,0.030337811
211,0.029904842
212,0.029917240
213,0.029861689
214,0.030556202
215,0.029873610
216,0.032359362
217,0.029873371
218,0.029904127
219,0.029942036
220,0.029925585
221,0.029944658
222,0.029899120
223,0.030723333
224,0.029920578
225,0.029899120
226,0.029907703
227,0.029985666
228,0.029937267
229,0.029975891
230,0.029955626
231,0.029941320
232,0.029889107
233,0.029929876
234,0.029976606
235,0.029907703
236,0.029928446
237,0.029938459
238,0.030688763
239,0.030616760
240,0.030004501
241,0.029946327
242,0.030006170
243,0.030015945
244,0.029973269
245,0.029989719
246,0.029963017
247,0.029957056
248,0.029924631
249,0.030012846
250,0.029926062
251,0.029958725
252,0.029935122
253,0.030006647
254,0.029949188
