0,0.083448648
1,0.073896646
2,0.073001623
3,0.072945833
4,0.072861671
5,0.072833776
6,0.072938204
7,0.073526621
8,0.072807074
9,0.072993040
10,0.072836399
11,0.072850466
12,0.073045015
13,0.073602200
14,0.073881865
15,0.073286772
16,0.072957277
17,0.073579550
18,0.072663307
19,0.072860241
20,0.072859049
21,0.072977543
22,0.073350906
23,0.072775602
24,0.072850227
25,0.072851419
26,0.073006630
27,0.072995186
28,0.072928905
29,0.072894573
30,0.072829008
31,0.072978497
32,0.072824955
33,0.073017836
34,0.073188782
35,0.072967291
36,0.074192047
37,0.073631525
38,0.072914124
39,0.073313236
40,0.072945356
41,0.074245453
42,0.073988199
43,0.072916746
44,0.073168993
45,0.072915554
46,0.073061466
47,0.073853731
48,0.073624611
49,0.073123217
50,0.073493242
51,0.073215246
52,0.073421717
53,0.075649261
54,0.073222637
55,0.075560331
56,0.074111462
57,0.073203802
58,0.073591232
59,0.073160648
60,0.073169470
61,0.073196411
62,0.075552464
63,0.072970152
64,0.072955370
65,0.073040485
66,0.072905540
67,0.073145866
68,0.073112011
69,0.073921204
70,0.073081017
71,0.073092937
72,0.073144674
73,0.073263645
74,0.073252916
75,0.073440075
76,0.073069096
77,0.073284864
78,0.073094606
79,0.073260546
80,0.073029757
81,0.073163033
82,0.073101759
83,0.073190212
84,0.073450089
85,0.073432922
86,0.073423147
87,0.073539257
88,0.074701071
89,0.073081970
90,0.073271513
91,0.073358774
92,0.073436260
93,0.073395252
94,0.073268652
95,0.073234081
96,0.073777437
97,0.073342800
98,0.074445724
99,0.073442459
100,0.073390007
101,0.073339701
102,0.073277712
103,0.073413134
104,0.073313713
105,0.073355675
106,0.073468208
107,0.073362112
108,0.073246717
109,0.073502302
110,0.073659658
111,0.073515415
112,0.073487997
113,0.073351622
114,0.073446751
115,0.073514462
116,0.073538542
117,0.073328972
118,0.073404551
119,0.073530674
120,0.073530436
121,0.074242830
122,0.073419333
123,0.073958874
124,0.073558569
125,0.073412895
126,0.073377132
