0,0.051644802
1,0.048739195
2,0.047780275
3,0.047759295
4,0.047703028
5,0.047780991
6,0.047726154
7,0.047747135
8,0.047779322
9,0.047749519
10,0.047782183
11,0.047795057
12,0.047880650
13,0.047790289
14,0.047832012
15,0.047738075
16,0.047827005
17,0.047785997
18,0.047747850
19,0.047781229
20,0.047682762
21,0.047796011
22,0.047774076
23,0.047791719
24,0.047801256
25,0.047828197
26,0.047720671
27,0.047767162
28,0.047761440
29,0.047816992
30,0.048526049
31,0.047817469
32,0.047808170
33,0.047780991
34,0.047821760
35,0.047696829
36,0.048148632
37,0.047764063
38,0.047823668
39,0.047704458
40,0.047791004
41,0.047724485
42,0.047753096
43,0.048051834
44,0.047891378
45,0.047771692
46,0.047862768
47,0.047787428
48,0.048000574
49,0.047849894
50,0.047842026
51,0.049422979
52,0.048852921
53,0.048757792
54,0.048652172
55,0.047852039
56,0.048302412
57,0.047776222
58,0.047723770
59,0.047890902
60,0.047811031
61,0.047847748
62,0.047846317
63,0.047801971
64,0.047844648
65,0.047799587
66,0.047842741
67,0.047823429
68,0.047847271
69,0.047888517
70,0.047737360
71,0.047869205
72,0.047900677
73,0.047821283
74,0.048504114
75,0.047888041
76,0.047782898
77,0.047837019
78,0.047782421
79,0.047876120
80,0.047869444
81,0.047787666
82,0.047787905
83,0.047845364
84,0.047909021
85,0.047807932
86,0.047838926
87,0.047791243
88,0.047996283
89,0.047885180
90,0.047790766
91,0.047774076
92,0.047868252
93,0.047848940
94,0.047779083
95,0.047855139
96,0.047947645
97,0.047834396
98,0.047937155
99,0.047855377
100,0.047927618
101,0.047857046
102,0.047876358
103,0.047814846
104,0.047831535
105,0.047872066
106,0.048967123
107,0.047981501
108,0.048008919
109,0.047947168
110,0.047918081
111,0.047854424
112,0.047919989
113,0.048062801
114,0.047915936
115,0.048356533
116,0.048028469
117,0.048018694
118,0.047855139
119,0.047887564
120,0.047879219
121,0.047921181
122,0.049290180
123,0.047890425
124,0.048008442
125,0.047904015
126,0.048501253
127,0.048483610
128,0.048069239
129,0.048045635
130,0.048024654
131,0.048243284
132,0.048094273
133,0.048091173
134,0.048102140
135,0.048069954
136,0.048011541
137,0.048174858
138,0.048134327
139,0.048220873
140,0.048128128
141,0.048058271
142,0.048063993
143,0.049006462
144,0.048270226
145,0.048152447
146,0.048225164
147,0.048129082
148,0.048192263
149,0.048188686
150,0.048781633
151,0.048110008
152,0.048196077
153,0.048109293
154,0.048123121
155,0.048846960
156,0.048022270
157,0.048138857
158,0.048089027
159,0.048237085
160,0.048032999
161,0.048094511
162,0.048104525
163,0.048099995
164,0.048047543
165,0.048115253
166,0.048054218
167,0.048238039
168,0.048225880
169,0.048111200
170,0.048799276
171,0.049142122
172,0.048132420
173,0.048103571
174,0.048142195
175,0.048050404
176,0.048338413
177,0.048541307
178,0.048082352
179,0.048547268
180,0.048141241
181,0.048298836
182,0.048100233
183,0.048315048
184,0.048237324
185,0.048403263
186,0.048223495
187,0.049783230
188,0.049828053
189,0.048471689
190,0.048371315
191,0.048164606
192,0.048272848
193,0.049602270
194,0.048125982
195,0.048134327
196,0.048354626
197,0.048552990
198,0.048183680
199,0.049007654
200,0.048177958
201,0.048121214
202,0.048135519
203,0.049362183
204,0.048199177
205,0.048221588
206,0.048136234
207,0.048101664
208,0.048164845
209,0.048208952
210,0.049058914
211,0.048135519
212,0.048117876
213,0.048196316
214,0.048222780
215,0.048201323
216,0.048224688
217,0.048150301
218,0.048201799
219,0.049045086
220,0.048175812
221,0.048177242
222,0.048951864
223,0.048234701
224,0.048235178
225,0.048539639
226,0.048223495
227,0.048255444
228,0.048081875
229,0.048332453
230,0.048431873
231,0.048210144
232,0.048257113
233,0.048295498
234,0.048214912
235,0.048239470
236,0.048154354
237,0.048235178
238,0.048226357
239,0.048210144
240,0.049156904
241,0.048242569
242,0.048213482
243,0.048189640
244,0.048214912
245,0.048290730
246,0.048274755
247,0.048336983
248,0.048263550
249,0.048161268
250,0.048998833
251,0.048349380
252,0.048342943
253,0.048316240
254,0.048232555
