0,0.065632820
1,0.061466932
2,0.059896946
3,0.060229778
4,0.059363604
5,0.059936285
6,0.059105635
7,0.059390783
8,0.059347153
9,0.059513807
10,0.059102774
11,0.059797287
12,0.059506416
13,0.059402466
14,0.060794115
15,0.059102535
16,0.059229374
17,0.059588432
18,0.059095860
19,0.060220718
20,0.059132576
21,0.059352636
22,0.058906794
23,0.058967113
24,0.059690237
25,0.059446335
26,0.058981180
27,0.059951544
28,0.060550928
29,0.060538054
30,0.059300900
31,0.059141874
32,0.059041262
33,0.061543226
34,0.059246063
35,0.059187412
36,0.058918238
37,0.059706688
38,0.059727669
39,0.059098005
40,0.060271502
41,0.059045553
42,0.059094191
43,0.059333086
44,0.059426546
45,0.059620619
46,0.059441805
47,0.059201241
48,0.060426474
49,0.059927702
50,0.059429884
51,0.059246778
52,0.060087919
53,0.059528112
54,0.059386492
55,0.059607983
56,0.059516907
57,0.059361458
58,0.059710979
59,0.059436560
60,0.059236526
61,0.059359312
62,0.060577869
63,0.059315205
64,0.060264349
65,0.059277058
66,0.059466124
67,0.059849024
68,0.059327364
69,0.059299707
70,0.059293509
71,0.059353590
72,0.059302092
73,0.059513807
74,0.059160948
75,0.059376717
76,0.059328794
77,0.059314251
78,0.059444666
79,0.059610367
80,0.059215307
81,0.059418917
82,0.059577227
83,0.059656620
84,0.059565544
85,0.059544802
86,0.059460640
87,0.059535265
88,0.059545517
89,0.059504986
90,0.061599731
91,0.059341192
92,0.059671879
93,0.060464859
94,0.059581041
95,0.059304714
96,0.059505939
97,0.062272072
98,0.059324503
99,0.059701204
100,0.059350967
101,0.059472561
102,0.059549570
103,0.059463978
104,0.060042858
105,0.059596539
106,0.059566259
107,0.059405804
108,0.059483051
109,0.059783459
110,0.060651779
111,0.059338570
112,0.059692383
113,0.059432745
114,0.059583902
115,0.060264349
116,0.059496164
117,0.060016632
118,0.060411930
119,0.059953690
120,0.060172319
121,0.060258389
122,0.059542894
123,0.059360027
124,0.059884787
125,0.059610128
126,0.064651489
