0,0.081117630
1,0.078900337
2,0.078201294
3,0.078369141
4,0.078966141
5,0.078338623
6,0.079184771
7,0.079162836
8,0.078228235
9,0.080193281
10,0.078541040
11,0.079673767
12,0.079097748
13,0.079403877
14,0.078402042
15,0.079100132
16,0.079111814
17,0.079069138
18,0.081102610
19,0.079997301
20,0.079073191
21,0.078546047
22,0.078454733
23,0.078399181
24,0.078503132
25,0.078437328
26,0.078763247
27,0.078525066
28,0.078572035
29,0.078642845
30,0.078290462
31,0.078362465
32,0.079591513
33,0.078476191
34,0.078462124
35,0.078550577
36,0.079936981
37,0.078551769
38,0.078362465
39,0.078871489
40,0.078507185
41,0.078473330
42,0.078536034
43,0.078642368
44,0.078570366
45,0.078976631
46,0.079200983
47,0.078573465
48,0.078586578
49,0.078840733
50,0.079742908
51,0.078639269
52,0.078558922
53,0.079568863
54,0.078509331
55,0.078543425
56,0.080821037
57,0.078733444
58,0.078530788
59,0.078577280
60,0.078562021
61,0.078676701
62,0.078568459
63,0.079104662
64,0.078428745
65,0.078669310
66,0.078654766
67,0.078601360
68,0.078753233
69,0.079873323
70,0.079415798
71,0.078803539
72,0.078808308
73,0.078688622
74,0.078762531
75,0.079291821
76,0.078638315
77,0.078802109
78,0.078755617
79,0.078869343
80,0.078786373
81,0.078904867
82,0.078768730
83,0.078964949
84,0.078810692
85,0.080220938
86,0.078977108
87,0.079432964
88,0.079110146
89,0.078872442
90,0.078875303
91,0.078954220
92,0.079071760
93,0.078766823
94,0.078994274
95,0.078849316
96,0.078867435
97,0.078697443
98,0.080136061
99,0.078903198
100,0.078801632
101,0.078776836
102,0.078722954
103,0.079029799
104,0.079122305
105,0.079145432
106,0.079118729
107,0.078974724
108,0.079981327
109,0.079361916
110,0.078885794
111,0.078821659
112,0.079350710
113,0.078861237
114,0.078833818
115,0.079016209
116,0.078776598
117,0.079046488
118,0.078827143
119,0.078958988
120,0.078851938
121,0.078965425
122,0.078989983
123,0.079016447
124,0.079040766
125,0.079390526
126,0.080048561
