0,0.082853317
1,0.077924490
2,0.078866959
3,0.077613831
4,0.077735662
5,0.077618361
6,0.078940392
7,0.077936888
8,0.078036785
9,0.077680349
10,0.078641415
11,0.077772617
12,0.078212500
13,0.077753305
14,0.078019142
15,0.077612162
16,0.078126669
17,0.078037500
18,0.078086615
19,0.077808857
20,0.077970982
21,0.077815771
22,0.079308987
23,0.078637362
24,0.078923464
25,0.077846050
26,0.077954531
27,0.077740669
28,0.078256130
29,0.077759504
30,0.077905178
31,0.078469753
32,0.077920675
33,0.078092575
34,0.078409910
35,0.079196215
36,0.078440905
37,0.078206778
38,0.078378201
39,0.079443693
40,0.078452587
41,0.077998161
42,0.078224421
43,0.077996969
44,0.078112364
45,0.077692270
46,0.078232050
47,0.077628613
48,0.078063726
49,0.077755213
50,0.078566313
51,0.077982187
52,0.078229904
53,0.078429222
54,0.078043699
55,0.078921556
56,0.078808069
57,0.077868938
58,0.078298569
59,0.077938557
60,0.078260660
61,0.078019142
62,0.078301430
63,0.078648329
64,0.078060865
65,0.077856779
66,0.078104496
67,0.078457117
68,0.078147650
69,0.077756643
70,0.078413486
71,0.077946424
72,0.078123808
73,0.077760696
74,0.078103065
75,0.077765703
76,0.078147411
77,0.077872753
78,0.078210592
79,0.077744246
80,0.078910112
81,0.077848196
82,0.078205585
83,0.077831745
84,0.078210831
85,0.077919483
86,0.078049660
87,0.078027248
88,0.078171968
89,0.078515053
90,0.078377724
91,0.078007221
92,0.078207254
93,0.078059912
94,0.078311682
95,0.078083992
96,0.078386307
97,0.077832937
98,0.078341722
99,0.079087496
100,0.078116417
101,0.078235626
102,0.078206062
103,0.077939272
104,0.078405857
105,0.077949047
106,0.078458786
107,0.077904224
108,0.078319550
109,0.078287601
110,0.078269958
111,0.078006268
112,0.078820467
113,0.078520060
114,0.078566790
115,0.079966307
116,0.078573704
117,0.077896595
118,0.078542471
119,0.078262806
120,0.078536987
121,0.078138828
122,0.078476191
123,0.078274012
124,0.079482555
125,0.079550505
126,0.080162525
