0,0.063319921
1,0.055068016
2,0.054892778
3,0.054872751
4,0.054808140
5,0.054801226
6,0.054828405
7,0.054878473
8,0.054831982
9,0.054898024
10,0.054948092
11,0.054969788
12,0.054852962
13,0.055449963
14,0.054882050
15,0.056263685
16,0.054838896
17,0.055338621
18,0.054917336
19,0.054821014
20,0.054954052
21,0.054741383
22,0.055789709
23,0.054981232
24,0.055739164
25,0.054902315
26,0.054856777
27,0.054883718
28,0.054926157
29,0.054929733
30,0.055516243
31,0.054952860
32,0.054902792
33,0.054914474
34,0.054970980
35,0.054913759
36,0.054865360
37,0.054949522
38,0.054931402
39,0.054980278
40,0.054954529
41,0.055017710
42,0.054879904
43,0.055010796
44,0.054827213
45,0.054953575
46,0.055482388
47,0.055236578
48,0.054962635
49,0.055028677
50,0.054902077
51,0.055167198
52,0.054897785
53,0.054985046
54,0.054889441
55,0.054860353
56,0.056272745
57,0.054937124
58,0.054954052
59,0.055044651
60,0.055076599
61,0.055167437
62,0.054955721
63,0.055095434
64,0.055002928
65,0.054985762
66,0.054953098
67,0.054994106
68,0.057075977
69,0.054982662
70,0.055079937
71,0.055013895
72,0.055184603
73,0.054987192
74,0.055123091
75,0.054994345
76,0.055791616
77,0.055063248
78,0.054980278
79,0.055017471
80,0.055139780
81,0.055029154
82,0.056153059
83,0.055014849
84,0.054969311
85,0.054973602
86,0.054982424
87,0.054996014
88,0.055097103
89,0.055061102
90,0.056127310
91,0.054920435
92,0.055093288
93,0.055145264
94,0.055274248
95,0.055104256
96,0.055031776
97,0.055030823
98,0.056082487
99,0.055103779
100,0.055017233
101,0.055006027
102,0.055158615
103,0.055664778
104,0.055244923
105,0.055215597
106,0.055114985
107,0.055213451
108,0.055056095
109,0.054918528
110,0.055240154
111,0.055134296
112,0.055353642
113,0.055168152
114,0.055396318
115,0.055106401
116,0.056412220
117,0.055161953
118,0.055260897
119,0.055261374
120,0.056222677
121,0.055136442
122,0.055140257
123,0.055265665
124,0.055241108
125,0.055977345
126,0.055105209
