0,0.080509186
1,0.077687025
2,0.078255415
3,0.077795029
4,0.076842070
5,0.077191353
6,0.076728344
7,0.077481270
8,0.076956987
9,0.077319384
10,0.076925278
11,0.077502728
12,0.077015162
13,0.079151630
14,0.077318668
15,0.077221394
16,0.077639818
17,0.078330278
18,0.077080727
19,0.077106476
20,0.077018738
21,0.077847242
22,0.077020645
23,0.077221394
24,0.077128410
25,0.077290535
26,0.077219725
27,0.077544212
28,0.077162504
29,0.077447176
30,0.077179432
31,0.077409029
32,0.077068090
33,0.077409506
34,0.077925920
35,0.078179359
36,0.077188253
37,0.077438116
38,0.077408314
39,0.078578472
40,0.078515291
41,0.078507423
42,0.078224659
43,0.077533722
44,0.077151775
45,0.077420712
46,0.077363968
47,0.077492237
48,0.077233791
49,0.077489853
50,0.077274799
51,0.077483654
52,0.077159405
53,0.077727556
54,0.077852488
55,0.077449799
56,0.077096224
57,0.078427553
58,0.077042580
59,0.078115225
60,0.077276230
61,0.077658176
62,0.078303099
63,0.077640772
64,0.077535868
65,0.077590466
66,0.077263594
67,0.077642918
68,0.077434778
69,0.077686071
70,0.077270031
71,0.077737808
72,0.077257633
73,0.077631712
74,0.077908516
75,0.077640772
76,0.077572584
77,0.077566624
78,0.077336311
79,0.077779770
80,0.078072786
81,0.077627420
82,0.077405691
83,0.077828169
84,0.077360153
85,0.077971220
86,0.078219414
87,0.077871084
88,0.077618837
89,0.077964544
90,0.077462912
91,0.077924490
92,0.077693939
93,0.077822208
94,0.077745199
95,0.077859879
96,0.077649117
97,0.078018188
98,0.077728271
99,0.078031778
100,0.077870131
101,0.078249216
102,0.077796221
103,0.079319715
104,0.078709602
105,0.078094959
106,0.078288555
107,0.078009367
108,0.077657223
109,0.077871323
110,0.077532768
111,0.077805758
112,0.077538013
113,0.078487873
114,0.077718019
115,0.077854395
116,0.077518940
117,0.078102827
118,0.077534914
119,0.077785969
120,0.077507734
121,0.077832937
122,0.077607393
123,0.077874899
124,0.077497244
125,0.078289747
126,0.077633142
