0,0.066626549
1,0.063052416
2,0.063055277
3,0.064027786
4,0.062837601
5,0.067264795
6,0.062970638
7,0.062983036
8,0.063019276
9,0.063103676
10,0.063587904
11,0.062860250
12,0.062767744
13,0.062946081
14,0.062974691
15,0.062931776
16,0.063930988
17,0.062917948
18,0.062730074
19,0.062895060
20,0.063111305
21,0.062812805
22,0.062904596
23,0.063058615
24,0.062780619
25,0.062877178
26,0.062931299
27,0.062911987
28,0.062898636
29,0.063140392
30,0.062762260
31,0.063033104
32,0.062884331
33,0.063572168
34,0.063819170
35,0.063051701
36,0.062840939
37,0.062954426
38,0.062853336
39,0.064244270
40,0.063084126
41,0.063100338
42,0.063863993
43,0.062937975
44,0.062828541
45,0.062968969
46,0.063526392
47,0.063099623
48,0.062801600
49,0.063125610
50,0.063145638
51,0.063047647
52,0.062882185
53,0.064262867
54,0.062874079
55,0.062862396
56,0.063057899
57,0.064079285
58,0.062932730
59,0.063068628
60,0.063174486
61,0.063241243
62,0.063055754
63,0.063103437
64,0.063238382
65,0.063042879
66,0.062983274
67,0.063058376
68,0.062950134
69,0.062992334
70,0.063985109
71,0.063116312
72,0.064055920
73,0.063242674
74,0.063076973
75,0.064177990
76,0.063150644
77,0.063103199
78,0.063253164
79,0.063040257
80,0.064054251
81,0.063380241
82,0.064774990
83,0.063544750
84,0.064376354
85,0.063309431
86,0.062867880
87,0.063572168
88,0.062955141
89,0.064115286
90,0.062964201
91,0.062891722
92,0.062844992
93,0.062867165
94,0.063033819
95,0.062808990
96,0.063044310
97,0.065144062
98,0.063012838
99,0.062937260
100,0.063003063
101,0.063984394
102,0.064131737
103,0.063179731
104,0.063090563
105,0.063129663
106,0.062849045
107,0.062946558
108,0.062911749
109,0.062825680
110,0.062839031
111,0.063230276
112,0.062942743
113,0.062926054
114,0.062831163
115,0.063014984
116,0.063336849
117,0.062934399
118,0.062902927
119,0.062941790
120,0.062900543
121,0.062936068
122,0.063214779
123,0.063729286
124,0.062950850
125,0.063010216
126,0.063057423
