0,0.074379921
1,0.064293861
2,0.064076662
3,0.064069748
4,0.064039946
5,0.063935757
6,0.063860178
7,0.063937187
8,0.065011024
9,0.064089298
10,0.064821959
11,0.064212561
12,0.063952923
13,0.063835621
14,0.063925028
15,0.063904047
16,0.065248966
17,0.063701630
18,0.064058781
19,0.063948870
20,0.063992977
21,0.063989639
22,0.064047337
23,0.063973427
24,0.064493418
25,0.063952684
26,0.063972712
27,0.063952923
28,0.064002514
29,0.063998938
30,0.063876867
31,0.064130306
32,0.064107180
33,0.064045668
34,0.064092159
35,0.064036131
36,0.063848257
37,0.064002037
38,0.063975573
39,0.064021587
40,0.064138412
41,0.063978910
42,0.063982248
43,0.064006090
44,0.064177990
45,0.064201832
46,0.065256834
47,0.064232826
48,0.064049244
49,0.064044714
50,0.064061165
51,0.064358473
52,0.063895941
53,0.064408541
54,0.064068079
55,0.065201044
56,0.067638636
57,0.064545393
58,0.064604282
59,0.065038443
60,0.064810276
61,0.063880682
62,0.064203978
63,0.064271688
64,0.064069510
65,0.064109564
66,0.064009428
67,0.065064907
68,0.064928770
69,0.064397097
70,0.064065456
71,0.063979387
72,0.064133406
73,0.064221382
74,0.063964128
75,0.064116478
76,0.064189672
77,0.064677477
78,0.064216375
79,0.064238310
80,0.064147234
81,0.064179897
82,0.064211607
83,0.064209700
84,0.064331055
85,0.063977718
86,0.064192772
87,0.064267159
88,0.065116167
89,0.064409018
90,0.064783335
91,0.064218760
92,0.065540791
93,0.064341784
94,0.063933134
95,0.064126968
96,0.064186811
97,0.064208269
98,0.064346790
99,0.064522743
100,0.064930201
101,0.064174652
102,0.064230204
103,0.064264297
104,0.064287901
105,0.064477205
106,0.064468145
107,0.064459324
108,0.065124035
109,0.064990520
110,0.064988613
111,0.064272165
112,0.064703941
113,0.063958406
114,0.063966036
115,0.064099073
116,0.064183712
117,0.064354420
118,0.064080000
119,0.064183235
120,0.065294504
121,0.064272881
122,0.064677238
123,0.064366102
124,0.064334393
125,0.064429522
126,0.064456701
