0,0.085794926
1,0.083244801
2,0.082582235
3,0.083202362
4,0.082679272
5,0.082995415
6,0.082973003
7,0.083256960
8,0.083850622
9,0.083765507
10,0.083701611
11,0.083193779
12,0.082938433
13,0.083275080
14,0.083095074
15,0.083311081
16,0.083795786
17,0.083616734
18,0.083468676
19,0.090118647
20,0.083330870
21,0.084687710
22,0.083475828
23,0.083315134
24,0.082792759
25,0.083181143
26,0.082807541
27,0.083293915
28,0.082933664
29,0.083380222
30,0.083678246
31,0.083392382
32,0.082908869
33,0.083165646
34,0.083063841
35,0.083378553
36,0.082914829
37,0.083313465
38,0.083055735
39,0.083997488
40,0.083603382
41,0.083606720
42,0.083115339
43,0.083390713
44,0.082824469
45,0.083362341
46,0.083186388
47,0.083340883
48,0.083108425
49,0.083618879
50,0.083183289
51,0.088051796
52,0.083513498
53,0.084648609
54,0.083383799
55,0.083797693
56,0.083154440
57,0.083748817
58,0.084855080
59,0.083415508
60,0.083175898
61,0.083369017
62,0.083969593
63,0.083760738
64,0.084935904
65,0.084266186
66,0.084083796
67,0.083518982
68,0.083230019
69,0.083551645
70,0.083170414
71,0.085061550
72,0.083235502
73,0.084580660
74,0.083139658
75,0.083559513
76,0.083091736
77,0.083569765
78,0.083352327
79,0.083528757
80,0.083372116
81,0.083688021
82,0.083426237
83,0.084729195
84,0.083297729
85,0.084457874
86,0.082926035
87,0.083532810
88,0.084264278
89,0.083457708
90,0.083204508
91,0.083618164
92,0.083250284
93,0.083623886
94,0.083311081
95,0.083744287
96,0.083303928
97,0.083567381
98,0.083313942
99,0.083647013
100,0.083381414
101,0.083669424
102,0.083518267
103,0.083863974
104,0.083765030
105,0.088322401
106,0.084555864
107,0.085740566
108,0.083806753
109,0.084841490
110,0.083281994
111,0.083766937
112,0.083507538
113,0.083685160
114,0.083393812
115,0.083756208
116,0.083468914
117,0.083960772
118,0.083331347
119,0.083727598
120,0.083442688
121,0.083674669
122,0.084306240
123,0.085458517
124,0.083444118
125,0.083776236
126,0.083932400
