0,0.028637886
1,0.022029877
2,0.021798372
3,0.021756411
4,0.021776676
5,0.021800041
6,0.021663666
7,0.021630287
8,0.021662474
9,0.022376776
10,0.021660566
11,0.021653891
12,0.021691799
13,0.021663904
14,0.021584272
15,0.021625519
16,0.021619558
17,0.021627665
18,0.021680117
19,0.021673203
20,0.021635294
21,0.021661997
22,0.021618128
23,0.021597862
24,0.021615744
25,0.022342205
26,0.021699905
27,0.021694183
28,0.021629333
29,0.021631002
30,0.021598577
31,0.021609068
32,0.021636248
33,0.021613598
34,0.021621943
35,0.021630526
36,0.021662474
37,0.021664619
38,0.021655798
39,0.021623850
40,0.021666527
41,0.021654606
42,0.021671534
43,0.021647930
44,0.021719456
45,0.021664619
46,0.021946430
47,0.021628380
48,0.021685839
49,0.021613121
50,0.021594763
51,0.022533894
52,0.021646261
53,0.021655083
54,0.021638870
55,0.021632195
56,0.021678925
57,0.021656752
58,0.021611214
59,0.021658897
60,0.021651745
61,0.021593809
62,0.021637678
63,0.022067070
64,0.021655560
65,0.021594286
66,0.021633387
67,0.023000240
68,0.021723032
69,0.021642923
70,0.021625519
71,0.021650076
72,0.021631479
73,0.021680832
74,0.021646976
75,0.021602631
76,0.021661997
77,0.021620274
78,0.021636963
79,0.021677494
80,0.021634817
81,0.021655083
82,0.021650314
83,0.021627665
84,0.021687984
85,0.021639824
86,0.021654606
87,0.021853924
88,0.021671772
89,0.021607637
90,0.021626234
91,0.021653652
92,0.021630049
93,0.021653652
94,0.021665812
95,0.021759748
96,0.021649837
97,0.021605015
98,0.021632910
99,0.021619081
100,0.021677732
101,0.021661520
102,0.021697283
103,0.021622658
104,0.021652699
105,0.023002863
106,0.022840261
107,0.021732569
108,0.021762848
109,0.021618128
110,0.021687269
111,0.021641970
112,0.021625996
113,0.021682978
114,0.021656275
115,0.021618605
116,0.021602392
117,0.021671534
118,0.021652699
119,0.021713495
120,0.021656513
121,0.021682501
122,0.021651983
123,0.021669388
124,0.021661758
125,0.021693945
126,0.021634340
127,0.021682024
128,0.021642923
129,0.021664143
130,0.021635771
131,0.021617174
132,0.021705866
133,0.021660089
134,0.021616936
135,0.021686316
136,0.021636486
137,0.021685600
138,0.021646500
139,0.021664143
140,0.021656036
141,0.021655083
142,0.021674633
143,0.021647215
144,0.021649837
145,0.021646738
146,0.021665335
147,0.021662712
148,0.021671772
149,0.021818638
150,0.021629095
151,0.021642447
152,0.021619320
153,0.021665812
154,0.021631479
155,0.021646976
156,0.021675587
157,0.021645546
158,0.021686792
159,0.021675587
160,0.021624565
161,0.021646738
162,0.021676302
163,0.021678209
164,0.021720409
165,0.021637917
166,0.021674156
167,0.022985697
168,0.021843195
169,0.021672964
170,0.021657705
171,0.021691561
172,0.021662474
173,0.021624327
174,0.021670341
175,0.021718502
176,0.021653175
177,0.021686554
178,0.021625042
179,0.021665812
180,0.021703959
181,0.021661997
182,0.021676302
183,0.021685839
184,0.021672249
185,0.021636724
186,0.021649837
187,0.021744967
188,0.021661043
189,0.021722555
190,0.022317410
191,0.021719933
192,0.021606922
193,0.021673203
194,0.021671772
195,0.021865606
196,0.021670580
197,0.021622419
198,0.021668196
199,0.021707535
200,0.021710396
201,0.022177696
202,0.021642447
203,0.021695852
204,0.021662474
205,0.022497177
206,0.021777153
207,0.021643639
208,0.021668911
209,0.021679163
210,0.021661758
211,0.021706820
212,0.021665573
213,0.021691084
214,0.021604776
215,0.021680593
216,0.021639347
217,0.022473335
218,0.021687269
219,0.021656752
220,0.022415400
221,0.022284269
222,0.021739721
223,0.021687269
224,0.021641493
225,0.021711349
226,0.021652222
227,0.021659136
228,0.021684885
229,0.021677017
230,0.021727324
231,0.022362471
232,0.021702528
233,0.022356987
234,0.021692276
235,0.021651030
236,0.021701813
237,0.022283316
238,0.021714926
239,0.022002220
240,0.021667719
241,0.021732807
242,0.021672726
243,0.021682262
244,0.021712065
245,0.021694183
246,0.021658659
247,0.021664143
248,0.021701336
249,0.021693945
250,0.021712542
251,0.021734715
252,0.021728992
253,0.021645069
254,0.021721363
