0,0.080719948
1,0.069529533
2,0.069893122
3,0.069161177
4,0.069222927
5,0.069196463
6,0.069478512
7,0.069367170
8,0.070891142
9,0.069587946
10,0.069841623
11,0.068960428
12,0.069161892
13,0.069432735
14,0.069338322
15,0.070119858
16,0.071478367
17,0.069217682
18,0.069640160
19,0.070088625
20,0.069014311
21,0.069240808
22,0.069165945
23,0.069358349
24,0.069120407
25,0.069165468
26,0.069199800
27,0.069254875
28,0.069221973
29,0.069260836
30,0.069103718
31,0.069438457
32,0.070317030
33,0.069157600
34,0.069327116
35,0.070004225
36,0.069241285
37,0.069015265
38,0.069141865
39,0.069288015
40,0.069864750
41,0.069599390
42,0.069114208
43,0.069020271
44,0.069895267
45,0.069268227
46,0.069216013
47,0.069827318
48,0.069197416
49,0.069210291
50,0.069210052
51,0.069388151
52,0.069621325
53,0.069195509
54,0.069294214
55,0.068952084
56,0.069295883
57,0.069173574
58,0.069431543
59,0.069488764
60,0.069512129
61,0.069314957
62,0.069905519
63,0.069166422
64,0.071881056
65,0.069317579
66,0.069276571
67,0.069352865
68,0.070225000
69,0.069336891
70,0.069544077
71,0.069473743
72,0.070022583
73,0.069318056
74,0.070031166
75,0.069388151
76,0.069577694
77,0.069695234
78,0.069977522
79,0.069473505
80,0.069339514
81,0.069353342
82,0.069401026
83,0.069480419
84,0.069475651
85,0.070097923
86,0.069396734
87,0.069349051
88,0.069529057
89,0.069464922
90,0.069330215
91,0.069347620
92,0.069860220
93,0.069445610
94,0.069494247
95,0.069612741
96,0.069379807
97,0.069475651
98,0.069670200
99,0.069850206
100,0.069519997
101,0.069479704
102,0.069652796
103,0.070059061
104,0.069434166
105,0.069625854
106,0.070165873
107,0.073751211
108,0.069583654
109,0.070482731
110,0.069807291
111,0.070752859
112,0.069646358
113,0.070019007
114,0.069504023
115,0.071011305
116,0.069601536
117,0.069756746
118,0.069654465
119,0.069645405
120,0.069700956
121,0.069566727
122,0.069836617
123,0.069393873
124,0.069413185
125,0.070273161
126,0.069616556
