0,0.059888124
1,0.056833267
2,0.056248426
3,0.055843353
4,0.056615591
5,0.055979729
6,0.058386564
7,0.055962324
8,0.056006670
9,0.056096077
10,0.055961132
11,0.055718899
12,0.056155205
13,0.056027651
14,0.056502581
15,0.056005955
16,0.056307554
17,0.056099892
18,0.060531616
19,0.056045294
20,0.055818081
21,0.056990623
22,0.056504011
23,0.056179047
24,0.056014776
25,0.056383133
26,0.055834293
27,0.055729866
28,0.056185007
29,0.056085348
30,0.055909634
31,0.055933952
32,0.056056976
33,0.056001663
34,0.055918932
35,0.055903673
36,0.056097984
37,0.057046175
38,0.056014299
39,0.055997610
40,0.055980682
41,0.056753635
42,0.055871487
43,0.056120872
44,0.055905342
45,0.056189775
46,0.055939198
47,0.055810452
48,0.056036234
49,0.056333303
50,0.056764364
51,0.055881500
52,0.056131601
53,0.056016684
54,0.055999756
55,0.055898428
56,0.056416750
57,0.056540251
58,0.056334019
59,0.056061506
60,0.056286335
61,0.055970430
62,0.055963516
63,0.056053877
64,0.056091309
65,0.057231426
66,0.056518316
67,0.055886030
68,0.056711674
69,0.056017876
70,0.056175470
71,0.056113720
72,0.056940079
73,0.056915522
74,0.055876017
75,0.056773424
76,0.056063890
77,0.056764126
78,0.056149960
79,0.056076527
80,0.056187153
81,0.056542635
82,0.056056738
83,0.056144714
84,0.056027174
85,0.056945086
86,0.056137323
87,0.055982828
88,0.056133747
89,0.056007862
90,0.056935310
91,0.055929422
92,0.056227446
93,0.056535006
94,0.056206703
95,0.055980206
96,0.056166887
97,0.056101799
98,0.056116343
99,0.056056738
100,0.057255268
101,0.055994749
102,0.056852102
103,0.056296587
104,0.056113005
105,0.056664228
106,0.056160212
107,0.056001186
108,0.056318998
109,0.056453705
110,0.056364059
111,0.056432009
112,0.056283474
113,0.056597233
114,0.056245804
115,0.059885740
116,0.056367874
117,0.056401968
118,0.056489229
119,0.056672812
120,0.056232929
121,0.056267023
122,0.056370020
123,0.056505442
124,0.056183338
125,0.056175709
126,0.056300163
