0,0.093515635
1,0.083971500
2,0.083993673
3,0.085069656
4,0.083747387
5,0.084024668
6,0.083351612
7,0.084040165
8,0.082916260
9,0.083771467
10,0.083479643
11,0.083598375
12,0.083719969
13,0.083086491
14,0.084075451
15,0.082982779
16,0.083580256
17,0.083086967
18,0.082431316
19,0.083152771
20,0.083023310
21,0.082559824
22,0.084386110
23,0.082642555
24,0.082617044
25,0.082623959
26,0.082939386
27,0.082893133
28,0.082819939
29,0.083374023
30,0.083606958
31,0.082604170
32,0.082811832
33,0.086359501
34,0.082846403
35,0.083909512
36,0.082970381
37,0.082783937
38,0.082960367
39,0.082793474
40,0.083108902
41,0.083102942
42,0.082970142
43,0.082869768
44,0.083097935
45,0.083916426
46,0.083305597
47,0.084021091
48,0.083274841
49,0.082619429
50,0.083694935
51,0.082752466
52,0.083878994
53,0.082604885
54,0.082878113
55,0.082761288
56,0.083027840
57,0.082813025
58,0.082851887
59,0.082743645
60,0.082953930
61,0.082798719
62,0.082859993
63,0.083312750
64,0.083273888
65,0.082982779
66,0.082882166
67,0.082887650
68,0.083671808
69,0.082770586
70,0.082979918
71,0.082922697
72,0.082946301
73,0.082754612
74,0.082964420
75,0.082829237
76,0.082903147
77,0.082896709
78,0.082937002
79,0.083080530
80,0.083821774
81,0.082734346
82,0.082980394
83,0.083127260
84,0.083499193
85,0.082882166
86,0.084370852
87,0.083677053
88,0.083041668
89,0.083340883
90,0.083019972
91,0.082910299
92,0.082784891
93,0.083039522
94,0.083226442
95,0.084846735
96,0.082955360
97,0.082908630
98,0.083245516
99,0.083388567
100,0.083660841
101,0.083923101
102,0.084133625
103,0.083316803
104,0.083444118
105,0.083034992
106,0.083116055
107,0.082975864
108,0.083040953
109,0.083053827
110,0.083287239
111,0.083075523
112,0.083074093
113,0.083119154
114,0.083189011
115,0.083261490
116,0.083220243
117,0.083765268
118,0.083230019
119,0.083521128
120,0.083206654
121,0.082957029
122,0.083121061
123,0.083206654
124,0.083220243
125,0.083187103
126,0.083094120
