0,0.071383715
1,0.065764904
2,0.065324306
3,0.065263033
4,0.064941883
5,0.066745520
6,0.064933300
7,0.064984798
8,0.065994740
9,0.065905333
10,0.065374613
11,0.065930843
12,0.065671206
13,0.066182375
14,0.066740990
15,0.065022945
16,0.065054893
17,0.064918756
18,0.065394878
19,0.065005779
20,0.065245152
21,0.065439701
22,0.064978838
23,0.066261053
24,0.065059662
25,0.065372467
26,0.066420078
27,0.065626383
28,0.065121889
29,0.065152645
30,0.069447994
31,0.065122128
32,0.065124989
33,0.065033197
34,0.065797091
35,0.065173388
36,0.065100908
37,0.065335035
38,0.066720724
39,0.065275908
40,0.066198826
41,0.065180302
42,0.065162897
43,0.065108061
44,0.066032648
45,0.065243244
46,0.067303896
47,0.066670418
48,0.065315485
49,0.065820456
50,0.065836191
51,0.065331697
52,0.065269470
53,0.065253735
54,0.065286160
55,0.065252781
56,0.065162897
57,0.066268206
58,0.065346241
59,0.065205097
60,0.065298080
61,0.065358639
62,0.065304756
63,0.065216064
64,0.065998554
65,0.065330744
66,0.065515757
67,0.065201759
68,0.066349268
69,0.066270113
70,0.066631794
71,0.065445662
72,0.065567970
73,0.065344095
74,0.065258980
75,0.065248251
76,0.065037966
77,0.065133333
78,0.065304518
79,0.065990448
80,0.065186501
81,0.065282345
82,0.065304756
83,0.066569090
84,0.065328121
85,0.065624714
86,0.065251112
87,0.065960646
88,0.065075874
89,0.065214157
90,0.065325975
91,0.065180779
92,0.065160513
93,0.065248966
94,0.065300703
95,0.065250635
96,0.065341473
97,0.065389872
98,0.065263033
99,0.065455198
100,0.065410614
101,0.065371275
102,0.065782309
103,0.065392494
104,0.066605330
105,0.066436052
106,0.066127539
107,0.065598965
108,0.065973997
109,0.065566301
110,0.065633297
111,0.065473080
112,0.065778732
113,0.066770554
114,0.065534592
115,0.065536499
116,0.065803289
117,0.066288948
118,0.065946341
119,0.065626144
120,0.065850019
121,0.065536261
122,0.065378428
123,0.065912962
124,0.065633297
125,0.066450596
126,0.066911936
