0,0.020576477
1,0.019626141
2,0.019597292
3,0.019571781
4,0.019620180
5,0.019556999
6,0.019552231
7,0.019558907
8,0.019516945
9,0.019546270
10,0.019538879
11,0.019536734
12,0.019536972
13,0.019561291
14,0.019583941
15,0.019541025
16,0.019516468
17,0.019673109
18,0.019569397
19,0.019575357
20,0.019566298
21,0.019599199
22,0.020339251
23,0.019593954
24,0.019579411
25,0.019590139
26,0.019542933
27,0.019546747
28,0.019552231
29,0.019575596
30,0.019603491
31,0.019539833
32,0.019598007
33,0.019586802
34,0.019548893
35,0.019550562
36,0.019567490
37,0.019603491
38,0.019513607
39,0.019591808
40,0.019532919
41,0.019546032
42,0.019568682
43,0.019536257
44,0.019538164
45,0.019513369
46,0.019563913
47,0.019519567
48,0.019862413
49,0.019512177
50,0.019533396
51,0.019586802
52,0.019549131
53,0.019549847
54,0.019588232
55,0.019579649
56,0.019548416
57,0.019524336
58,0.019570589
59,0.019558668
60,0.019515991
61,0.019537687
62,0.019540310
63,0.019554853
64,0.019565105
65,0.019554138
66,0.019581079
67,0.019527197
68,0.019596815
69,0.019545078
70,0.019569397
71,0.019499302
72,0.019571066
73,0.019558668
74,0.019544601
75,0.019598007
76,0.019538164
77,0.019538879
78,0.019540071
79,0.019547701
80,0.019577265
81,0.019524813
82,0.019540548
83,0.019515514
84,0.019540071
85,0.019548893
86,0.019816637
87,0.019603491
88,0.019565821
89,0.019576788
90,0.019532442
91,0.019543886
92,0.019563675
93,0.019513607
94,0.019568443
95,0.019538164
96,0.019564867
97,0.019549608
98,0.019541740
99,0.019558191
100,0.019534349
101,0.019538879
102,0.019528151
103,0.019551039
104,0.019522667
105,0.019572496
106,0.019518375
107,0.019527912
108,0.019579172
109,0.019532204
110,0.019531250
111,0.019524574
112,0.019556284
113,0.019566774
114,0.019555569
115,0.019573212
116,0.019551992
117,0.019531012
118,0.019560099
119,0.019623280
120,0.019591093
121,0.019574642
122,0.019567728
123,0.019539595
124,0.019586086
125,0.019530535
126,0.019617081
127,0.019585609
128,0.019550323
129,0.019575596
130,0.019560099
131,0.019545317
132,0.019536257
133,0.019618988
134,0.019571066
135,0.019534588
136,0.019573450
137,0.019533157
138,0.019561529
139,0.019546509
140,0.019560099
141,0.020324707
142,0.019586086
143,0.019562960
144,0.019526005
145,0.019536495
146,0.019509077
147,0.019516945
148,0.019543648
149,0.019535303
150,0.019524574
151,0.019550323
152,0.019609213
153,0.019533157
154,0.019559622
155,0.019516945
156,0.019546747
157,0.019510508
158,0.019575357
159,0.019535303
160,0.019549847
161,0.019568205
162,0.019539833
163,0.019561291
164,0.019565344
165,0.019525766
166,0.019530058
167,0.019536734
168,0.019561768
169,0.019740343
170,0.019612074
171,0.019567013
172,0.019528866
173,0.019548893
174,0.019518852
175,0.019576073
176,0.019563437
177,0.019580841
178,0.019522429
179,0.019532442
180,0.019521236
181,0.019539356
182,0.019533873
183,0.019534588
184,0.019561768
185,0.019551277
186,0.019601583
187,0.019577503
188,0.019543648
189,0.019548178
190,0.019522429
191,0.019536018
192,0.019596815
193,0.019549131
194,0.019606829
195,0.019589186
196,0.020288467
197,0.019530535
198,0.019580364
199,0.019557238
200,0.019572258
201,0.019604921
202,0.019543409
203,0.019575596
204,0.019558191
205,0.019552469
206,0.019553900
207,0.019577026
208,0.019561291
209,0.019562244
210,0.019541025
211,0.019512653
212,0.019532204
213,0.019545555
214,0.019527197
215,0.019549131
216,0.019567251
217,0.019603252
218,0.019526005
219,0.019568205
220,0.019537687
221,0.022844076
222,0.019554377
223,0.019595146
224,0.019989252
225,0.019549131
226,0.019530535
227,0.019544125
228,0.020791531
229,0.019562721
230,0.019551039
231,0.019618034
232,0.019527435
233,0.019584417
234,0.019565821
235,0.019527197
236,0.019562960
237,0.019552708
238,0.019585133
239,0.019566059
240,0.019548893
241,0.019585609
242,0.019553423
243,0.019537449
244,0.019541264
245,0.019548655
246,0.019511223
247,0.019564867
248,0.019556999
249,0.019546747
250,0.019578934
251,0.019706011
252,0.019571304
253,0.019535780
254,0.019547224
