0,0.030077457
1,0.026759624
2,0.026873589
3,0.027041912
4,0.028130531
5,0.026890278
6,0.026821375
7,0.027008057
8,0.027022839
9,0.027038813
10,0.027012825
11,0.027011871
12,0.026969910
13,0.027027607
14,0.027014017
15,0.027006149
16,0.026969671
17,0.026986122
18,0.027009010
19,0.026997089
20,0.026979208
21,0.027012825
22,0.027003288
23,0.027000189
24,0.026971102
25,0.027022600
26,0.027006149
27,0.026989937
28,0.026986361
29,0.027006149
30,0.026989460
31,0.026997566
32,0.027019024
33,0.027041674
34,0.026997089
35,0.027008295
36,0.027012587
37,0.027017117
38,0.026979446
39,0.027058363
40,0.027009010
41,0.027016163
42,0.027000427
43,0.027027130
44,0.027052402
45,0.027009487
46,0.027017832
47,0.027024269
48,0.027017832
49,0.026988506
50,0.027022839
51,0.026997566
52,0.027034283
53,0.027050257
54,0.026998758
55,0.027041912
56,0.026992798
57,0.027049780
58,0.026990414
59,0.027067184
60,0.027003288
61,0.027093410
62,0.027579784
63,0.027155161
64,0.027023792
65,0.027051926
66,0.027018070
67,0.026991129
68,0.027011871
69,0.027034283
70,0.026987314
71,0.027023077
72,0.026995182
73,0.027048349
74,0.026986122
75,0.027009249
76,0.027017832
77,0.027030230
78,0.026988745
79,0.027005434
80,0.027024746
81,0.027085066
82,0.028101683
83,0.026869059
84,0.026846647
85,0.027054310
86,0.027024031
87,0.027086020
88,0.027092934
89,0.027856350
90,0.027491331
91,0.026912689
92,0.027087688
93,0.027104616
94,0.027048349
95,0.027055740
96,0.027042389
97,0.027057648
98,0.027051449
99,0.027022839
100,0.027061701
101,0.027063847
102,0.027023077
103,0.027072906
104,0.027065277
105,0.027052641
106,0.027018070
107,0.027051926
108,0.027058840
109,0.027061462
110,0.027033567
111,0.027065754
112,0.027064800
113,0.027185678
114,0.026964903
115,0.026987553
116,0.026973486
117,0.027830839
118,0.027051687
119,0.027160883
120,0.027456760
121,0.027144670
122,0.027092934
123,0.027074575
124,0.027057648
125,0.027090073
126,0.027047873
127,0.027065039
128,0.027044058
129,0.027104855
130,0.027104139
131,0.027106285
132,0.027144909
133,0.027110577
134,0.027119875
135,0.027117491
136,0.027104378
137,0.027087688
138,0.027111292
139,0.027069092
140,0.027127028
141,0.027121067
142,0.027098656
143,0.027145147
144,0.027083158
145,0.027095556
146,0.027076006
147,0.027125835
148,0.027097225
149,0.027122259
150,0.027093887
151,0.027084351
152,0.027108669
153,0.027089119
154,0.027093649
155,0.027093649
156,0.027088642
157,0.029196262
158,0.026969910
159,0.027019978
160,0.026990175
161,0.027285337
162,0.027101040
163,0.027111292
164,0.027148247
165,0.027122974
166,0.027135611
167,0.027160406
168,0.027075768
169,0.027101755
170,0.027073622
171,0.027105093
172,0.027111530
173,0.027326822
174,0.027068853
175,0.027161598
176,0.027491808
177,0.027157784
178,0.027175426
179,0.027621269
180,0.027121305
181,0.027109385
182,0.027082205
183,0.027115107
184,0.027120590
185,0.027126789
186,0.027126074
187,0.027171373
188,0.027517080
189,0.027155399
190,0.027137995
191,0.027122021
192,0.027782440
193,0.027110338
194,0.027120829
195,0.027107239
196,0.027114153
197,0.027152300
198,0.027137280
199,0.027128458
200,0.027131557
201,0.027122736
202,0.027107477
203,0.027288675
204,0.027556896
205,0.027060032
206,0.027065039
207,0.027358770
208,0.027284861
209,0.027157545
210,0.027124882
211,0.027135372
212,0.027134180
213,0.027150393
214,0.027130127
215,0.027154684
216,0.027130604
217,0.027141809
218,0.027123690
219,0.027141333
220,0.027140379
221,0.027161837
222,0.027101755
223,0.027168274
224,0.027207851
225,0.027200937
226,0.027276039
227,0.027211666
228,0.027112961
229,0.027166605
230,0.027122736
231,0.027181864
232,0.027264357
233,0.027172804
234,0.027281284
235,0.027183533
236,0.027167320
237,0.027632952
238,0.027482986
239,0.027234077
240,0.027154922
241,0.027248383
242,0.027402401
243,0.027175903
244,0.027203798
245,0.028086424
246,0.027171612
247,0.027217388
248,0.027215719
249,0.027436018
250,0.028090477
251,0.027254105
252,0.027183771
253,0.027170658
254,0.027192831
