0,0.039158344
1,0.035390139
2,0.035562754
3,0.035662889
4,0.035458803
5,0.035562277
6,0.035444021
7,0.035545826
8,0.035463810
9,0.035599947
10,0.035592079
11,0.035571098
12,0.038144350
13,0.035598755
14,0.035501719
15,0.035518408
16,0.035508633
17,0.035527706
18,0.035186529
19,0.035242796
20,0.036402464
21,0.035504341
22,0.035801649
23,0.035525084
24,0.035473347
25,0.035529852
26,0.035442829
27,0.035546541
28,0.036371946
29,0.035573483
30,0.035497665
31,0.035534620
32,0.035443544
33,0.035547972
34,0.035490751
35,0.036169052
36,0.035511732
37,0.035554171
38,0.035471916
39,0.035549879
40,0.035484552
41,0.035556793
42,0.036142588
43,0.035541534
44,0.035512447
45,0.035546541
46,0.035503864
47,0.035591841
48,0.035498619
49,0.035537720
50,0.035462141
51,0.035538197
52,0.035603523
53,0.035538912
54,0.035506487
55,0.035584450
56,0.035475492
57,0.035593510
58,0.035534382
59,0.035604477
60,0.035552502
61,0.035558701
62,0.035437346
63,0.035558939
64,0.035559893
65,0.035566807
66,0.036286831
67,0.035568714
68,0.035544157
69,0.035556555
70,0.035491228
71,0.035581589
72,0.035570145
73,0.035598755
74,0.035520792
75,0.035588741
76,0.035557747
77,0.035578012
78,0.035554171
79,0.035757303
80,0.035592556
81,0.035655022
82,0.035566807
83,0.035652161
84,0.035486460
85,0.035606146
86,0.035554647
87,0.036247492
88,0.035591125
89,0.036376953
90,0.035564184
91,0.035625458
92,0.035617352
93,0.035615921
94,0.035563469
95,0.035617113
96,0.035574436
97,0.035598516
98,0.035564899
99,0.035642385
100,0.035627127
101,0.035643101
102,0.035604239
103,0.035665274
104,0.035581589
105,0.035642624
106,0.035604477
107,0.035629511
108,0.035594940
109,0.035752535
110,0.035538912
111,0.035672188
112,0.035576582
113,0.035660744
114,0.035584211
115,0.035706043
116,0.035602808
117,0.035688639
118,0.035591841
119,0.035702467
120,0.035554171
121,0.035647392
122,0.035647869
123,0.035660982
124,0.035593271
125,0.035764933
126,0.035599709
127,0.035706520
128,0.035579920
129,0.035683155
130,0.035616159
131,0.035663605
132,0.035614491
133,0.035681963
134,0.035612822
135,0.035651445
136,0.035598040
137,0.035660982
138,0.035649776
139,0.035679579
140,0.035659790
141,0.035679817
142,0.036249876
143,0.035755873
144,0.035618305
145,0.035734177
146,0.035619736
147,0.035730362
148,0.036184788
149,0.035752296
150,0.035659075
151,0.035709143
152,0.035704613
153,0.035737514
154,0.036808014
155,0.035738230
156,0.035675287
157,0.035701513
158,0.035657406
159,0.036048651
160,0.035679579
161,0.035788774
162,0.036131620
163,0.035689592
164,0.035659790
165,0.035707712
166,0.035708666
167,0.035751581
168,0.035689354
169,0.035708666
170,0.035635471
171,0.035781384
172,0.035700798
173,0.035734892
174,0.035684586
175,0.035736799
176,0.035676479
177,0.035696745
178,0.035660982
179,0.035767317
180,0.035722971
181,0.035809755
182,0.035691500
183,0.035806656
184,0.035728931
185,0.035780430
186,0.035710096
187,0.035779238
188,0.035720825
189,0.035832167
190,0.036621332
191,0.036004543
192,0.035772562
193,0.036121130
194,0.035985947
195,0.035850763
196,0.035735369
197,0.035748243
198,0.035786867
199,0.035866737
200,0.035730839
201,0.035741806
202,0.035729408
203,0.035795689
204,0.035715342
205,0.035799503
206,0.035745859
207,0.035823107
208,0.035717249
209,0.035838127
210,0.035747528
211,0.035740137
212,0.035710096
213,0.035763502
214,0.035701752
215,0.035767317
216,0.035830498
217,0.035784721
218,0.035718918
219,0.035779715
220,0.035753727
221,0.035766363
222,0.035739660
223,0.035774946
224,0.035730124
225,0.035811901
226,0.035754204
227,0.035824776
228,0.035736322
229,0.035804749
230,0.035768986
231,0.035829544
232,0.035758018
233,0.035818815
234,0.036037922
235,0.035787821
236,0.036106825
237,0.035835028
238,0.035732508
239,0.035763264
240,0.035756588
241,0.035962582
242,0.035746813
243,0.035828114
244,0.035816193
245,0.035827875
246,0.035788059
247,0.035807610
248,0.035765409
249,0.035783529
250,0.035739422
251,0.035783529
252,0.035780907
253,0.035900593
254,0.035784006
