0,0.036175489
1,0.033760548
2,0.033678770
3,0.035119057
4,0.033465862
5,0.033381939
6,0.033354282
7,0.033987522
8,0.034308910
9,0.033900976
10,0.033758402
11,0.033911705
12,0.033298969
13,0.033403158
14,0.035017729
15,0.033608198
16,0.033665895
17,0.033590794
18,0.036354542
19,0.033860683
20,0.033419132
21,0.033442736
22,0.033481598
23,0.035792112
24,0.033908129
25,0.033450842
26,0.033682823
27,0.033558369
28,0.033334732
29,0.033775568
30,0.033556461
31,0.033365965
32,0.033354044
33,0.033871412
34,0.033531189
35,0.033365250
36,0.033313274
37,0.033957005
38,0.033591509
39,0.033415794
40,0.033317089
41,0.033948660
42,0.033822775
43,0.033436537
44,0.033680916
45,0.033570766
46,0.033387661
47,0.033380032
48,0.033930779
49,0.033574104
50,0.033329248
51,0.033387661
52,0.033953667
53,0.033596277
54,0.033583403
55,0.033494949
56,0.033325195
57,0.033709526
58,0.033360958
59,0.033362865
60,0.033339977
61,0.033974171
62,0.033537865
63,0.033505678
64,0.035703182
65,0.033860445
66,0.033383369
67,0.033388138
68,0.033953905
69,0.033564329
70,0.033333302
71,0.033655643
72,0.033568621
73,0.033509493
74,0.033375740
75,0.033376694
76,0.033941507
77,0.033626080
78,0.033341169
79,0.033394575
80,0.033922195
81,0.033677340
82,0.033377647
83,0.033428192
84,0.033955812
85,0.033617258
86,0.033416271
87,0.033426523
88,0.033851147
89,0.033552170
90,0.033436060
91,0.033557415
92,0.033989429
93,0.033881187
94,0.033636332
95,0.033617973
96,0.033418655
97,0.033407688
98,0.034001350
99,0.033645630
100,0.033422232
101,0.033765316
102,0.033470392
103,0.033428669
104,0.033388376
105,0.033985853
106,0.033687592
107,0.033436775
108,0.033393860
109,0.034100294
110,0.033436775
111,0.033429861
112,0.033391476
113,0.034056664
114,0.033899784
115,0.034832954
116,0.033629656
117,0.033483028
118,0.033416748
119,0.034071207
120,0.033561707
121,0.033809900
122,0.033856153
123,0.033472776
124,0.033406258
125,0.033468485
126,0.033998251
127,0.033650637
128,0.033500910
129,0.033456087
130,0.033889771
131,0.033643246
132,0.033468485
133,0.033423901
134,0.034022093
135,0.035984993
136,0.033428907
137,0.033660650
138,0.033794641
139,0.033693075
140,0.033482075
141,0.033467770
142,0.033976316
143,0.033641577
144,0.033451080
145,0.033443451
146,0.034050226
147,0.033525229
148,0.033276796
149,0.033406019
150,0.034202337
151,0.033390760
152,0.033305883
153,0.033365488
154,0.034045458
155,0.034046650
156,0.034008026
157,0.034002781
158,0.034403086
159,0.033590078
160,0.033774853
161,0.033936501
162,0.033651829
163,0.033513784
164,0.034615993
165,0.033933878
166,0.033596277
167,0.033534765
168,0.033468962
169,0.034081697
170,0.033579588
171,0.033519745
172,0.033918142
173,0.033674955
174,0.033472776
175,0.033524752
176,0.033871174
177,0.033733368
178,0.033518076
179,0.033511639
180,0.034089804
181,0.033556223
182,0.033507109
183,0.033669233
184,0.034085035
185,0.033616781
186,0.033487320
187,0.033558369
188,0.034070492
189,0.033737659
190,0.033534288
191,0.033558130
192,0.034059525
193,0.033707619
194,0.033530951
195,0.033634424
196,0.034140825
197,0.033738375
198,0.033547401
199,0.033595085
200,0.034141779
201,0.033705711
202,0.033951998
203,0.033654928
204,0.033534527
205,0.033561707
206,0.034363747
207,0.033990145
208,0.034113646
209,0.033717394
210,0.033963442
211,0.034169912
212,0.034619093
213,0.033632040
214,0.033858538
215,0.034004927
216,0.034506083
217,0.033650398
218,0.033811092
219,0.033998013
220,0.033657789
221,0.033638954
222,0.033615828
223,0.034257174
224,0.034216881
225,0.033711910
226,0.033552885
227,0.033815145
228,0.034117699
229,0.033859253
230,0.033586979
231,0.033616304
232,0.034163237
233,0.033777952
234,0.033900261
235,0.033799648
236,0.033599615
237,0.033648252
238,0.034134865
239,0.033750296
240,0.033614397
241,0.033799887
242,0.034055948
243,0.033852339
244,0.033592463
245,0.033891916
246,0.033996582
247,0.033791542
248,0.033596039
249,0.033917665
250,0.033810139
251,0.034199715
252,0.033791780
253,0.033704758
254,0.033859491
