0,0.041381836
1,0.037161350
2,0.036819458
3,0.037157774
4,0.036647558
5,0.036622286
6,0.037050247
7,0.036621571
8,0.036619663
9,0.036973715
10,0.036622286
11,0.036643028
12,0.037014246
13,0.036574364
14,0.036621571
15,0.036950350
16,0.036593199
17,0.036757708
18,0.036797762
19,0.036644936
20,0.036664248
21,0.036862850
22,0.036667824
23,0.036589622
24,0.037035227
25,0.037803650
26,0.036729336
27,0.036819935
28,0.036617994
29,0.036633492
30,0.037046671
31,0.036603451
32,0.037621975
33,0.036801815
34,0.036572218
35,0.036822081
36,0.036886454
37,0.036603928
38,0.036870241
39,0.036812305
40,0.036661625
41,0.036860943
42,0.036819935
43,0.036675692
44,0.037630320
45,0.036705494
46,0.036649466
47,0.037072659
48,0.036624670
49,0.036851645
50,0.037152767
51,0.036672115
52,0.036634922
53,0.036920071
54,0.036663294
55,0.036649942
56,0.037080526
57,0.036596298
58,0.036634445
59,0.036904097
60,0.036638498
61,0.036669254
62,0.037091970
63,0.036655903
64,0.036628723
65,0.037086487
66,0.036678791
67,0.036660433
68,0.037000895
69,0.036710739
70,0.036718607
71,0.037021637
72,0.036670685
73,0.036751747
74,0.037157059
75,0.036794186
76,0.036707163
77,0.037087679
78,0.036825180
79,0.036687851
80,0.037126303
81,0.036880732
82,0.036735296
83,0.037201643
84,0.038246870
85,0.036797285
86,0.037064552
87,0.036787271
88,0.036975384
89,0.037162781
90,0.036722422
91,0.036792278
92,0.037112474
93,0.036725283
94,0.036982536
95,0.036895990
96,0.036728144
97,0.037009478
98,0.038479328
99,0.036760092
100,0.037139654
101,0.036758661
102,0.036819696
103,0.037583113
104,0.036734343
105,0.036742210
106,0.037222147
107,0.036760807
108,0.036777496
109,0.037200689
110,0.036788225
111,0.036786079
112,0.037199497
113,0.036758661
114,0.036819935
115,0.037059307
116,0.036766768
117,0.036805630
118,0.037181377
119,0.036757231
120,0.036830425
121,0.037557364
122,0.036885500
123,0.036921263
124,0.037067890
125,0.036827803
126,0.036805868
127,0.037171364
128,0.036974669
129,0.036998034
130,0.037425995
131,0.036916971
132,0.036986113
133,0.037363291
134,0.036992073
135,0.036973238
136,0.037310362
137,0.037035942
138,0.036983252
139,0.037237883
140,0.037016630
141,0.036984682
142,0.037194967
143,0.036971569
144,0.037139893
145,0.037154198
146,0.036959887
147,0.037302256
148,0.036960840
149,0.036997795
150,0.037316561
151,0.037020683
152,0.037016630
153,0.037141085
154,0.036965609
155,0.036983013
156,0.037414074
157,0.036957979
158,0.037006140
159,0.037313223
160,0.036973953
161,0.036961794
162,0.037343740
163,0.036969185
164,0.036992073
165,0.037360668
166,0.036982059
167,0.036994696
168,0.037425756
169,0.037671328
170,0.036946774
171,0.037331104
172,0.037383556
173,0.037026644
174,0.037225008
175,0.037001371
176,0.037035465
177,0.037356377
178,0.037004709
179,0.036970854
180,0.037289619
181,0.036966324
182,0.036997080
183,0.037301779
184,0.036991835
185,0.036965132
186,0.037454844
187,0.036968946
188,0.037107468
189,0.037181854
190,0.037050724
191,0.037168026
192,0.037218332
193,0.037063837
194,0.037389517
195,0.037078619
196,0.037044287
197,0.037438393
198,0.037060499
199,0.037049770
200,0.037501097
201,0.037055492
202,0.037048578
203,0.037531137
204,0.037073135
205,0.037015200
206,0.037493229
207,0.037037373
208,0.037093163
209,0.037449598
210,0.037053823
211,0.037065983
212,0.037385225
213,0.037078619
214,0.037102699
215,0.037812710
216,0.037155628
217,0.037167549
218,0.037631273
219,0.037775755
220,0.037055969
221,0.037555456
222,0.037099600
223,0.037105799
224,0.037582874
225,0.037092686
226,0.037082195
227,0.037410736
228,0.037118435
229,0.037162781
230,0.037756920
231,0.037106991
232,0.037104607
233,0.037473440
234,0.037101984
235,0.037166357
236,0.038621426
237,0.037145138
238,0.037258148
239,0.037339687
240,0.037150145
241,0.037387371
242,0.037174463
243,0.037774324
244,0.037342072
245,0.037123919
246,0.037154436
247,0.037606716
248,0.037146330
249,0.037170172
250,0.037731647
251,0.037195683
252,0.037168503
253,0.037593126
254,0.037220716
