0,0.036572149
1,0.031849937
2,0.031903340
3,0.032572382
4,0.032916703
5,0.033211636
6,0.033639276
7,0.034133054
8,0.034417089
9,0.034493294
10,0.034344759
11,0.035192722
12,0.034890038
13,0.034888871
14,0.034815364
15,0.035051912
16,0.035317202
17,0.034921163
18,0.034712628
19,0.034776837
20,0.035422949
21,0.035010037
22,0.035700166
23,0.035111874
24,0.035649784
25,0.034835634
26,0.035506197
27,0.035125359
28,0.035587048
29,0.035902842
30,0.035588070
31,0.035626786
32,0.035582939
33,0.035276133
34,0.035538729
35,0.035965008
36,0.036756027
37,0.035693158
38,0.035437091
39,0.035836438
40,0.036645070
41,0.035665989
42,0.035838624
43,0.035713681
44,0.035699821
45,0.035958213
46,0.036024477
47,0.035750796
48,0.036013290
49,0.035749700
50,0.035723453
51,0.035973673
52,0.036361497
53,0.035630337
54,0.035746561
55,0.035799575
56,0.035794386
57,0.036430852
58,0.035909175
59,0.036084243
60,0.036096932
61,0.035478750
62,0.035489679
63,0.035967083
64,0.036376176
65,0.036289617
66,0.036124808
67,0.035903608
68,0.036438243
69,0.036159458
70,0.035540298
71,0.035975064
72,0.035916644
73,0.036065437
74,0.035978496
75,0.036081357
76,0.036127165
77,0.036253875
78,0.036023546
79,0.036068300
80,0.036692958
81,0.036254386
82,0.036121585
83,0.036352500
84,0.036254014
85,0.036197037
86,0.036484465
87,0.036228205
88,0.037406492
89,0.036324224
90,0.036395518
91,0.037005201
92,0.036095945
93,0.036667764
94,0.036331904
95,0.036980665
96,0.036386821
97,0.036215782
98,0.035989951
99,0.036420112
100,0.036072901
101,0.035896492
102,0.036461730
103,0.036049289
104,0.036139843
105,0.036679032
106,0.036540445
107,0.036295695
108,0.036873968
109,0.036406137
110,0.036309540
111,0.036011749
112,0.036030140
113,0.035894898
114,0.036561602
115,0.036589261
116,0.036217387
117,0.036458196
118,0.036308600
119,0.036574856
120,0.036586624
121,0.036731509
122,0.036583009
123,0.036607375
124,0.036377452
125,0.036242175
126,0.036586159
127,0.036403468
128,0.036237237
129,0.036441382
130,0.036932337
131,0.036563315
132,0.036826976
133,0.036777106
134,0.036499581
135,0.036430821
136,0.036540976
137,0.036301213
138,0.036220451
139,0.036848197
140,0.036631344
141,0.036591223
142,0.036608346
143,0.036580211
144,0.036308005
145,0.036556476
146,0.036799591
147,0.036550295
148,0.036472071
149,0.036814609
150,0.036490786
151,0.036799730
152,0.036565486
153,0.036419935
154,0.036303941
155,0.036365143
156,0.036602638
157,0.036804079
158,0.037029506
159,0.037067853
160,0.036690627
161,0.036529054
162,0.036349634
163,0.036177184
164,0.036795447
165,0.036877143
166,0.036440177
167,0.037467971
168,0.036647104
169,0.037232487
170,0.036713317
171,0.036364811
172,0.036658594
173,0.036448532
174,0.036598927
175,0.036744509
176,0.036767752
177,0.036538089
178,0.036633648
179,0.037299104
180,0.037398275
181,0.037147662
182,0.037024747
183,0.037266829
184,0.037050219
185,0.036859018
186,0.036880729
187,0.036529569
188,0.036808168
189,0.037252325
190,0.037345846
191,0.036460934
192,0.036617479
193,0.036463246
194,0.036599643
195,0.036449529
196,0.036789570
197,0.036993243
198,0.036772797
199,0.036887395
200,0.036485010
201,0.036933027
202,0.037042689
203,0.037262687
204,0.036965957
205,0.037058957
206,0.037403463
207,0.037052179
208,0.036856588
209,0.037005438
210,0.037306366
211,0.037072375
212,0.036890878
213,0.036847654
214,0.036616650
215,0.036859879
216,0.037258353
217,0.037104444
218,0.036642267
219,0.037250498
220,0.036747436
221,0.037012043
222,0.036627112
223,0.037361460
224,0.037185872
225,0.036680604
226,0.037407826
227,0.037143241
228,0.036982529
229,0.037177576
230,0.037008479
231,0.037412308
232,0.037086446
233,0.037887487
234,0.037334303
235,0.037557753
236,0.037175136
237,0.037057693
238,0.037164546
239,0.037236746
240,0.037270070
241,0.037183879
242,0.037607935
243,0.037009536
244,0.037335729
245,0.036632780
246,0.036995679
247,0.037116708
248,0.037137353
249,0.037356504
250,0.037031588
251,0.036954107
252,0.037359945
253,0.036768236
254,0.036917597
