0,0.044352646
1,0.037353012
2,0.037298677
3,0.037770106
4,0.038194992
5,0.038573784
6,0.038603943
7,0.038769498
8,0.039166140
9,0.038774255
10,0.039528202
11,0.039366389
12,0.039446457
13,0.039593880
14,0.039385066
15,0.039421585
16,0.039732339
17,0.039587896
18,0.039551188
19,0.039443951
20,0.039766392
21,0.039744736
22,0.040192269
23,0.040030667
24,0.039929206
25,0.039641600
26,0.039680429
27,0.039350413
28,0.039579581
29,0.039434367
30,0.039511624
31,0.039818090
32,0.039505102
33,0.039968497
34,0.040147714
35,0.040157166
36,0.040140149
37,0.040217422
38,0.039991787
39,0.040052873
40,0.040170283
41,0.040918795
42,0.040644790
43,0.039927400
44,0.040174307
45,0.040291496
46,0.040443583
47,0.040919218
48,0.040224524
49,0.040058151
50,0.039994991
51,0.040723026
52,0.040605156
53,0.040253870
54,0.039834851
55,0.039482371
56,0.040502734
57,0.040191360
58,0.040256052
59,0.040225476
60,0.040743598
61,0.040476899
62,0.041114845
63,0.040476510
64,0.040443546
65,0.040732982
66,0.040947542
67,0.040561896
68,0.040452000
69,0.040943380
70,0.040518253
71,0.041011526
72,0.040731668
73,0.040566684
74,0.040483160
75,0.040667775
76,0.040506814
77,0.041091804
78,0.040734192
79,0.040675416
80,0.040395939
81,0.040309249
82,0.040383261
83,0.040328822
84,0.040244413
85,0.040281906
86,0.040579751
87,0.040562039
88,0.040889260
89,0.040873518
90,0.040589699
91,0.040835998
92,0.040476909
93,0.041209061
94,0.040778674
95,0.040592489
96,0.040547401
97,0.040832951
98,0.041133747
99,0.040494162
100,0.039954839
101,0.040766717
102,0.040601702
103,0.040274627
104,0.040484569
105,0.040707480
106,0.040677038
107,0.040671731
108,0.040810100
109,0.040369853
110,0.040085171
111,0.040764790
112,0.040399856
113,0.041129801
114,0.040555518
115,0.040273404
116,0.040642399
117,0.041090762
118,0.041094572
119,0.040815235
120,0.040569273
121,0.040491721
122,0.040654314
123,0.040425039
124,0.040331629
125,0.040774759
126,0.040595265
127,0.040576382
128,0.041053812
129,0.041127437
130,0.041664668
131,0.040902121
132,0.041511477
133,0.040729844
134,0.041194327
135,0.040841526
136,0.041051773
137,0.040907556
138,0.040809031
139,0.041166628
140,0.040871938
141,0.041292868
142,0.041037178
143,0.041140738
144,0.041170597
145,0.041222265
146,0.040734858
147,0.041131950
148,0.040993846
149,0.041553999
150,0.041198211
151,0.040789871
152,0.040882920
153,0.041273315
154,0.040779945
155,0.041169530
156,0.041047308
157,0.040873735
158,0.041097531
159,0.041332668
160,0.041312997
161,0.041423499
162,0.040969236
163,0.040991760
164,0.041084028
165,0.041242573
166,0.040865268
167,0.041208913
168,0.041247768
169,0.040950730
170,0.041217826
171,0.041427526
172,0.041274144
173,0.040845904
174,0.041279805
175,0.040862391
176,0.040932042
177,0.041216441
178,0.041323131
179,0.041056419
180,0.041515866
181,0.040760501
182,0.041110859
183,0.041215177
184,0.041747600
185,0.041425958
186,0.041254516
187,0.041240809
188,0.041146937
189,0.041003417
190,0.041209216
191,0.041293215
192,0.041070441
193,0.040429189
194,0.040816425
195,0.041056580
196,0.041310447
197,0.040919073
198,0.041201645
199,0.041446123
200,0.041117118
201,0.041196537
202,0.041104796
203,0.041234133
204,0.041070899
205,0.040883465
206,0.041098193
207,0.041032023
208,0.041162503
209,0.041149702
210,0.040797834
211,0.040978037
212,0.041007785
213,0.041037218
214,0.041265217
215,0.041024444
216,0.041018721
217,0.041164497
218,0.041174580
219,0.041462654
220,0.040959107
221,0.040921989
222,0.041124561
223,0.040757879
224,0.041048615
225,0.041246812
226,0.041272290
227,0.040953341
228,0.041132309
229,0.041171306
230,0.040934108
231,0.041213680
232,0.041499982
233,0.041023336
234,0.041110327
235,0.041493948
236,0.041805042
237,0.041420826
238,0.041368884
239,0.041560425
240,0.041798713
241,0.041338529
242,0.041126192
243,0.040559272
244,0.041030889
245,0.041307328
246,0.041661805
247,0.041090888
248,0.041773093
249,0.041319304
250,0.041453014
251,0.041397985
252,0.041498015
253,0.041326008
254,0.041272854
