0,0.046036114
1,0.044887927
2,0.045473926
3,0.046205095
4,0.046005567
5,0.046387249
6,0.046542088
7,0.046654142
8,0.046628576
9,0.046797854
10,0.046998253
11,0.047100162
12,0.047387984
13,0.047272778
14,0.047870116
15,0.047610825
16,0.047112043
17,0.047291253
18,0.047098669
19,0.047227024
20,0.047095645
21,0.047304986
22,0.047598239
23,0.047276136
24,0.047919875
25,0.047482131
26,0.047489131
27,0.047843054
28,0.047340923
29,0.047816391
30,0.047316884
31,0.047442838
32,0.047670415
33,0.047562688
34,0.047275636
35,0.047835072
36,0.047540762
37,0.047565910
38,0.047635390
39,0.047750050
40,0.048321473
41,0.047675264
42,0.048001400
43,0.047641707
44,0.047572660
45,0.047966397
46,0.047990457
47,0.047951825
48,0.047996021
49,0.047855749
50,0.047989033
51,0.048251070
52,0.048344892
53,0.047633699
54,0.047816454
55,0.047853835
56,0.047566084
57,0.048090237
58,0.047683230
59,0.048335491
60,0.048201626
61,0.048075036
62,0.048242814
63,0.047883053
64,0.048079758
65,0.047839326
66,0.047681461
67,0.047998589
68,0.047880387
69,0.048033022
70,0.047880991
71,0.047654183
72,0.047445081
73,0.047837029
74,0.047962247
75,0.047804738
76,0.048153205
77,0.047929887
78,0.047925419
79,0.047856894
80,0.048162743
81,0.048032982
82,0.048402172
83,0.047680927
84,0.047850704
85,0.047957296
86,0.047846539
87,0.047756601
88,0.048049547
89,0.047978475
90,0.048273377
91,0.047920010
92,0.048516657
93,0.047852445
94,0.047876932
95,0.047885334
96,0.048244314
97,0.047930728
98,0.048017765
99,0.047986491
100,0.048051736
101,0.048140747
102,0.048147835
103,0.047954357
104,0.048008571
105,0.048092998
106,0.047966559
107,0.047783631
108,0.048846400
109,0.048187043
110,0.047993630
111,0.048646236
112,0.047935572
113,0.048341071
114,0.048026575
115,0.048087555
116,0.048100760
117,0.048189259
118,0.048068127
119,0.048564966
120,0.048091557
121,0.048082865
122,0.047898021
123,0.048126601
124,0.048168435
125,0.048349384
126,0.048206199
127,0.047866631
128,0.048512838
129,0.048627033
130,0.048427257
131,0.048276437
132,0.048069830
133,0.048156918
134,0.048356385
135,0.048167964
136,0.048822967
137,0.048342036
138,0.048449029
139,0.048172230
140,0.048739091
141,0.048418050
142,0.048150555
143,0.048256390
144,0.048481332
145,0.048479458
146,0.048318722
147,0.048353855
148,0.048208961
149,0.048373664
150,0.048292250
151,0.048427804
152,0.048526730
153,0.048668741
154,0.048409696
155,0.048424296
156,0.048269318
157,0.048386939
158,0.048161443
159,0.048196563
160,0.048445969
161,0.048240702
162,0.048278786
163,0.048221710
164,0.048214535
165,0.048289811
166,0.048601665
167,0.048477763
168,0.048155576
169,0.048405231
170,0.048902463
171,0.048433127
172,0.048782145
173,0.048488006
174,0.048437014
175,0.048080078
176,0.048524593
177,0.048301165
178,0.048478501
179,0.048172502
180,0.048378913
181,0.048902390
182,0.048280516
183,0.048353975
184,0.048333951
185,0.048061574
186,0.048899553
187,0.048124916
188,0.048455152
189,0.048489618
190,0.048250788
191,0.048361168
192,0.048643678
193,0.048396348
194,0.048718047
195,0.048630877
196,0.048332786
197,0.048520502
198,0.048132695
199,0.048230621
200,0.048468553
201,0.048335209
202,0.048575575
203,0.048316904
204,0.048345918
205,0.048314018
206,0.048409899
207,0.048278644
208,0.048620310
209,0.048076747
210,0.048216647
211,0.048331823
212,0.048065820
213,0.048050828
214,0.048351769
215,0.048222683
216,0.048217371
217,0.048220623
218,0.048403362
219,0.048406989
220,0.048045263
221,0.048302462
222,0.048216870
223,0.048825343
224,0.048266754
225,0.048179430
226,0.048004576
227,0.048240054
228,0.048144364
229,0.048148162
230,0.048390434
231,0.048691481
232,0.048400653
233,0.048303231
234,0.048161292
235,0.048366641
236,0.048305427
237,0.048154779
238,0.048177452
239,0.048280170
240,0.048575252
241,0.048112611
242,0.048135027
243,0.048023573
244,0.048223788
245,0.048137137
246,0.048189738
247,0.048125014
248,0.048277225
249,0.048527403
250,0.048553630
251,0.048364385
252,0.048046392
253,0.048651068
254,0.048470323
