0,0.026741517
1,0.024611521
2,0.024945576
3,0.025355800
4,0.026090607
5,0.026609016
6,0.026661437
7,0.026914413
8,0.027806413
9,0.027155810
10,0.027339329
11,0.027816579
12,0.027464141
13,0.027496605
14,0.027330206
15,0.027403222
16,0.027647923
17,0.027547137
18,0.027539790
19,0.027154736
20,0.027548533
21,0.027228764
22,0.027627242
23,0.027851171
24,0.026809754
25,0.027082327
26,0.027465033
27,0.027388141
28,0.027326293
29,0.027170705
30,0.026890570
31,0.027369650
32,0.027471873
33,0.027317053
34,0.027988710
35,0.027595830
36,0.027777624
37,0.027518035
38,0.027325650
39,0.027859511
40,0.027840243
41,0.027866715
42,0.028726597
43,0.027676176
44,0.029265461
45,0.027687745
46,0.027654673
47,0.027953849
48,0.027860712
49,0.027941198
50,0.028173720
51,0.027906460
52,0.028371292
53,0.028012306
54,0.028112659
55,0.028261462
56,0.027319569
57,0.028106066
58,0.028046068
59,0.028207358
60,0.027741217
61,0.027987670
62,0.027884776
63,0.027960915
64,0.028255986
65,0.027958160
66,0.027772912
67,0.027960229
68,0.027421657
69,0.027765951
70,0.028866257
71,0.028202361
72,0.028158269
73,0.027918843
74,0.027853271
75,0.027883406
76,0.028519706
77,0.028147140
78,0.028152972
79,0.028153268
80,0.028141051
81,0.027900862
82,0.028241039
83,0.028051785
84,0.028903427
85,0.027540420
86,0.027672085
87,0.027635103
88,0.028142192
89,0.027565319
90,0.027773128
91,0.027713459
92,0.027563038
93,0.028223692
94,0.028131018
95,0.027945914
96,0.027402262
97,0.028079820
98,0.028281702
99,0.028216779
100,0.028184866
101,0.028199008
102,0.028181498
103,0.028472965
104,0.027870381
105,0.027649364
106,0.028098017
107,0.027830898
108,0.028234477
109,0.027915080
110,0.028771575
111,0.027962918
112,0.028239113
113,0.028288748
114,0.028224093
115,0.028225164
116,0.027952199
117,0.027999518
118,0.028181577
119,0.028160122
120,0.027914923
121,0.028208252
122,0.028849378
123,0.028297676
124,0.028414411
125,0.028000426
126,0.028304080
127,0.028108168
128,0.028023793
129,0.028876812
130,0.027905704
131,0.028055725
132,0.028010621
133,0.028062580
134,0.027656962
135,0.028099145
136,0.028655847
137,0.028245036
138,0.027786767
139,0.028216641
140,0.028035417
141,0.028135452
142,0.028096246
143,0.028400300
144,0.028276620
145,0.027869600
146,0.027953854
147,0.028142485
148,0.028199051
149,0.028152374
150,0.027836655
151,0.028568697
152,0.028270782
153,0.028052669
154,0.028519919
155,0.028195864
156,0.028179793
157,0.028179894
158,0.027630140
159,0.027787835
160,0.028546943
161,0.028297993
162,0.028279993
163,0.028290099
164,0.028463370
165,0.028231560
166,0.028298833
167,0.028286273
168,0.028160316
169,0.027439196
170,0.027738946
171,0.028017535
172,0.028447633
173,0.028539512
174,0.029241606
175,0.028221255
176,0.028051046
177,0.028588720
178,0.028410230
179,0.028579628
180,0.029395584
181,0.027747522
182,0.028052786
183,0.028653139
184,0.028136946
185,0.028114598
186,0.028232033
187,0.029039474
188,0.028048603
189,0.028726633
190,0.028612748
191,0.028295340
192,0.028104503
193,0.027934237
194,0.028309942
195,0.028141815
196,0.028349794
197,0.028395330
198,0.028361436
199,0.028377987
200,0.028653312
201,0.028802993
202,0.029040238
203,0.028846397
204,0.028762403
205,0.028508657
206,0.028267344
207,0.029393895
208,0.028735694
209,0.028304770
210,0.028223520
211,0.029217427
212,0.028503076
213,0.028362191
214,0.028713713
215,0.028613619
216,0.028443427
217,0.028564834
218,0.028622561
219,0.028176329
220,0.028592743
221,0.028396724
222,0.028524964
223,0.028171859
224,0.028269605
225,0.028244396
226,0.028477439
227,0.028826170
228,0.028521691
229,0.028884675
230,0.028833620
231,0.029105623
232,0.029513382
233,0.028613875
234,0.028987554
235,0.029421463
236,0.029959369
237,0.029179147
238,0.029261781
239,0.028979877
240,0.029008581
241,0.028949630
242,0.028712177
243,0.029056441
244,0.028994955
245,0.029060830
246,0.029019303
247,0.028843890
248,0.028714724
249,0.028858296
250,0.028967609
251,0.029184685
252,0.028878784
253,0.028497470
254,0.028749899
