0,0.033956050
1,0.030911827
2,0.031012728
3,0.031360375
4,0.032189413
5,0.032369608
6,0.032552322
7,0.032497346
8,0.032602626
9,0.032819408
10,0.033437740
11,0.034402917
12,0.033150236
13,0.032891885
14,0.033579574
15,0.033200951
16,0.033528404
17,0.033440463
18,0.033080117
19,0.033296743
20,0.033321244
21,0.033301534
22,0.033669991
23,0.033744797
24,0.033952027
25,0.033589332
26,0.033549843
27,0.033908287
28,0.033816130
29,0.034064104
30,0.033916044
31,0.033175034
32,0.033227512
33,0.033676112
34,0.033742938
35,0.033752821
36,0.033977391
37,0.033680555
38,0.033849378
39,0.033827604
40,0.033975260
41,0.033917668
42,0.033771318
43,0.034128754
44,0.034356152
45,0.034019347
46,0.035128523
47,0.034024763
48,0.034613578
49,0.034029825
50,0.033750734
51,0.033972299
52,0.033751547
53,0.034021116
54,0.034515489
55,0.034251024
56,0.034114168
57,0.034176017
58,0.034658794
59,0.034639335
60,0.034587255
61,0.034166511
62,0.035843491
63,0.034622421
64,0.034418152
65,0.034267289
66,0.034509561
67,0.034316301
68,0.035051399
69,0.034153301
70,0.035132787
71,0.034966075
72,0.034581454
73,0.034298504
74,0.034277798
75,0.034090333
76,0.034291488
77,0.034481142
78,0.034583057
79,0.034444935
80,0.036731417
81,0.034236546
82,0.034136691
83,0.034449464
84,0.034539596
85,0.035273818
86,0.034166203
87,0.033536860
88,0.034670257
89,0.034352140
90,0.034455319
91,0.034484234
92,0.034123140
93,0.034272935
94,0.035431751
95,0.034840617
96,0.034570958
97,0.034500076
98,0.035156891
99,0.034994268
100,0.034897024
101,0.034647361
102,0.034710762
103,0.034752417
104,0.034344619
105,0.034842573
106,0.034563131
107,0.034950555
108,0.034691933
109,0.034675755
110,0.034553495
111,0.034642587
112,0.034817870
113,0.034760156
114,0.035451741
115,0.034558796
116,0.035168031
117,0.034849299
118,0.035306653
119,0.035570963
120,0.035157729
121,0.034981544
122,0.035234052
123,0.035082051
124,0.034648592
125,0.034946633
126,0.035157760
127,0.035207645
128,0.034583568
129,0.034777044
130,0.035297325
131,0.035001844
132,0.034981631
133,0.034858093
134,0.035274459
135,0.035109869
136,0.035237881
137,0.034638066
138,0.034969082
139,0.035015859
140,0.034997085
141,0.035092532
142,0.035319251
143,0.035416869
144,0.035337709
145,0.035065884
146,0.035178045
147,0.035589373
148,0.035381753
149,0.035707242
150,0.035297943
151,0.035180980
152,0.035354884
153,0.035262117
154,0.035247276
155,0.035186550
156,0.035206162
157,0.035289283
158,0.035361003
159,0.034814124
160,0.034873420
161,0.035169942
162,0.035404980
163,0.035477572
164,0.034934354
165,0.034858009
166,0.034873836
167,0.035173462
168,0.034858092
169,0.034871690
170,0.034793052
171,0.034900992
172,0.035570890
173,0.035230128
174,0.035509006
175,0.035306645
176,0.035647876
177,0.035446827
178,0.035646307
179,0.035905982
180,0.035456209
181,0.035275210
182,0.035826525
183,0.035092362
184,0.035450161
185,0.035284064
186,0.035393758
187,0.035366017
188,0.034739646
189,0.035133457
190,0.035462796
191,0.035025010
192,0.035498292
193,0.035207551
194,0.035692647
195,0.035623874
196,0.035383648
197,0.035266845
198,0.035871723
199,0.035172225
200,0.035549370
201,0.035653757
202,0.035831556
203,0.035595254
204,0.035462491
205,0.035467528
206,0.035425205
207,0.035671695
208,0.035657497
209,0.035640783
210,0.036073363
211,0.035846135
212,0.035736495
213,0.036156299
214,0.035990456
215,0.035796352
216,0.035448834
217,0.034979847
218,0.035544357
219,0.035832708
220,0.035554771
221,0.035723462
222,0.035241754
223,0.035466028
224,0.035529149
225,0.035186750
226,0.035521788
227,0.035504446
228,0.035210686
229,0.035430893
230,0.035716019
231,0.035572935
232,0.035590290
233,0.035374811
234,0.035350327
235,0.035505094
236,0.035431631
237,0.035676768
238,0.035697851
239,0.036151738
240,0.035568793
241,0.035679231
242,0.035872295
243,0.035712292
244,0.035450707
245,0.036046262
246,0.035489939
247,0.035686678
248,0.035595268
249,0.035448694
250,0.035865743
251,0.035730265
252,0.035513501
253,0.036231295
254,0.035931693
