0,0.034658387
1,0.030511156
2,0.028966744
3,0.029377964
4,0.029701166
5,0.030254064
6,0.030789936
7,0.030716101
8,0.031344399
9,0.031064203
10,0.031796180
11,0.031551097
12,0.031101525
13,0.031556620
14,0.031933209
15,0.031809859
16,0.031782647
17,0.031408633
18,0.031214852
19,0.031291295
20,0.031503546
21,0.031876440
22,0.031777343
23,0.031971491
24,0.031487980
25,0.032028203
26,0.032040739
27,0.031724991
28,0.031751096
29,0.031954443
30,0.031485714
31,0.032775103
32,0.032164192
33,0.032135458
34,0.032799000
35,0.032046361
36,0.032040473
37,0.032460469
38,0.032194835
39,0.032506298
40,0.032257718
41,0.032150274
42,0.031710844
43,0.032703531
44,0.033263570
45,0.032652234
46,0.032320596
47,0.032471305
48,0.032377352
49,0.032315520
50,0.032501354
51,0.032408775
52,0.032698716
53,0.032364832
54,0.032684341
55,0.032409825
56,0.032772101
57,0.032675930
58,0.032544558
59,0.032064898
60,0.032383005
61,0.032392237
62,0.032591206
63,0.032231582
64,0.032584047
65,0.032669122
66,0.032130027
67,0.032476366
68,0.032283789
69,0.032584859
70,0.032466864
71,0.032769606
72,0.032196200
73,0.032578667
74,0.032792978
75,0.032793212
76,0.032586922
77,0.032775798
78,0.032951356
79,0.032272348
80,0.032560925
81,0.032852978
82,0.033086921
83,0.032713237
84,0.031897409
85,0.032230008
86,0.032896235
87,0.032925258
88,0.032962562
89,0.032899402
90,0.032648161
91,0.033084931
92,0.033179060
93,0.033245652
94,0.032574516
95,0.032830748
96,0.032245033
97,0.032655503
98,0.032717417
99,0.033208105
100,0.032802006
101,0.032787827
102,0.032588173
103,0.033091114
104,0.033190881
105,0.032907202
106,0.033214675
107,0.032683053
108,0.032710360
109,0.033423290
110,0.033141882
111,0.033038759
112,0.033090144
113,0.032981059
114,0.032951301
115,0.033319337
116,0.033012644
117,0.032846092
118,0.033010870
119,0.032965771
120,0.033403170
121,0.033122526
122,0.033320836
123,0.033262515
124,0.033411624
125,0.033547385
126,0.033337849
127,0.033080445
128,0.033263479
129,0.033340753
130,0.033747715
131,0.033624428
132,0.033169972
133,0.033688781
134,0.033486415
135,0.033843385
136,0.033551723
137,0.033649636
138,0.033548771
139,0.033486814
140,0.034081363
141,0.033285723
142,0.033961490
143,0.034448783
144,0.033972781
145,0.033697083
146,0.033709798
147,0.033419767
148,0.034160268
149,0.033714472
150,0.033585356
151,0.033521045
152,0.033830145
153,0.033561616
154,0.033509853
155,0.034069081
156,0.033481933
157,0.033764632
158,0.034050165
159,0.033689100
160,0.033735752
161,0.034189796
162,0.034520549
163,0.033934167
164,0.033818414
165,0.033752474
166,0.033877924
167,0.034078102
168,0.034078425
169,0.034994174
170,0.034004129
171,0.034364362
172,0.035196882
173,0.033787039
174,0.033921798
175,0.033841841
176,0.034073649
177,0.033948834
178,0.034153770
179,0.033856812
180,0.034205672
181,0.034051259
182,0.033606447
183,0.033683430
184,0.034060892
185,0.034028296
186,0.033210694
187,0.033727813
188,0.033637872
189,0.033892320
190,0.033847706
191,0.033965359
192,0.033694316
193,0.033964951
194,0.033760478
195,0.034051000
196,0.034313318
197,0.034113658
198,0.033718765
199,0.034249917
200,0.034219914
201,0.034474788
202,0.034389027
203,0.034037266
204,0.034161512
205,0.034176424
206,0.034179311
207,0.034065023
208,0.033888058
209,0.034220404
210,0.033829674
211,0.033931167
212,0.034356758
213,0.034202800
214,0.033891255
215,0.034280773
216,0.033598828
217,0.034179805
218,0.034211085
219,0.034294200
220,0.034061389
221,0.033988696
222,0.033686858
223,0.033670343
224,0.034582773
225,0.033916142
226,0.033921340
227,0.034164431
228,0.033606816
229,0.034124884
230,0.034229057
231,0.033951841
232,0.033964234
233,0.033977820
234,0.034246362
235,0.034161349
236,0.034097198
237,0.034330094
238,0.034454177
239,0.033730825
240,0.034522464
241,0.034139820
242,0.034636648
243,0.034001207
244,0.034132580
245,0.035046250
246,0.034095829
247,0.034012645
248,0.033923302
249,0.033678691
250,0.034155061
251,0.034392965
252,0.033855557
253,0.034089810
254,0.033988275
