0,0.042193404
1,0.039573842
2,0.039473028
3,0.039759863
4,0.040496477
5,0.040333034
6,0.040361821
7,0.040362737
8,0.040984830
9,0.040949206
10,0.040970469
11,0.041173099
12,0.041770966
13,0.041536151
14,0.041784461
15,0.041624265
16,0.041710205
17,0.041690353
18,0.041710008
19,0.041481720
20,0.041584668
21,0.041837668
22,0.041705228
23,0.041657714
24,0.041806664
25,0.041721239
26,0.041719852
27,0.041830383
28,0.042103095
29,0.042103739
30,0.041658412
31,0.041953316
32,0.042333219
33,0.041843892
34,0.042452651
35,0.042360034
36,0.042088372
37,0.041937137
38,0.042183667
39,0.041717154
40,0.041954407
41,0.042267855
42,0.042072127
43,0.042513483
44,0.042522473
45,0.042193321
46,0.042052968
47,0.042627510
48,0.042512565
49,0.043036225
50,0.042852745
51,0.042372133
52,0.042122107
53,0.042264126
54,0.042352040
55,0.042274607
56,0.042460780
57,0.042520312
58,0.042148715
59,0.042252184
60,0.043076787
61,0.042308506
62,0.043062698
63,0.042393552
64,0.042103223
65,0.042373105
66,0.042607980
67,0.042293612
68,0.042436682
69,0.042262609
70,0.042008575
71,0.042348861
72,0.042696190
73,0.042305875
74,0.042573960
75,0.042596278
76,0.042995980
77,0.042928477
78,0.042609868
79,0.042568119
80,0.042613472
81,0.042377249
82,0.043014372
83,0.042578300
84,0.042565711
85,0.042568678
86,0.042779777
87,0.042549292
88,0.042304024
89,0.042278351
90,0.042128544
91,0.042217486
92,0.042692291
93,0.042437452
94,0.042447566
95,0.042421937
96,0.042385201
97,0.042367862
98,0.042690752
99,0.042601655
100,0.042528422
101,0.042417396
102,0.042470499
103,0.042570199
104,0.042912490
105,0.042557338
106,0.042874013
107,0.042809424
108,0.042852872
109,0.042649122
110,0.042891145
111,0.042642315
112,0.043554888
113,0.042795067
114,0.042668274
115,0.042619006
116,0.042860121
117,0.042825151
118,0.043014276
119,0.043312593
120,0.042922344
121,0.042333638
122,0.042453294
123,0.043004877
124,0.042959283
125,0.042830386
126,0.042648303
127,0.042606286
128,0.043172704
129,0.043204494
130,0.042753092
131,0.043309495
132,0.042949356
133,0.043054840
134,0.043056033
135,0.042988263
136,0.043520224
137,0.043448303
138,0.043569049
139,0.043350875
140,0.043939586
141,0.043372916
142,0.043271847
143,0.043250678
144,0.043277811
145,0.043420518
146,0.043258366
147,0.043483898
148,0.043527277
149,0.043457962
150,0.043440160
151,0.043291308
152,0.043400353
153,0.043391793
154,0.043449139
155,0.043313318
156,0.043099329
157,0.043041764
158,0.043366521
159,0.043275897
160,0.043108147
161,0.043558333
162,0.043239294
163,0.043446899
164,0.043416342
165,0.043480216
166,0.043383122
167,0.043414747
168,0.043182421
169,0.043784917
170,0.043703890
171,0.043575664
172,0.043257079
173,0.043206160
174,0.043399276
175,0.043692731
176,0.043350648
177,0.043262286
178,0.043320622
179,0.043443974
180,0.043314893
181,0.043388350
182,0.042980177
183,0.043117588
184,0.043472175
185,0.043847755
186,0.043429109
187,0.043449175
188,0.043427453
189,0.043245213
190,0.043449415
191,0.044003342
192,0.043151743
193,0.043254233
194,0.043213849
195,0.043292661
196,0.043400035
197,0.043588136
198,0.043334428
199,0.043503202
200,0.043764336
201,0.043362995
202,0.043323335
203,0.043559150
204,0.043074951
205,0.043335506
206,0.043914963
207,0.043950861
208,0.043720428
209,0.043394408
210,0.043478853
211,0.043576079
212,0.043434312
213,0.043558538
214,0.043185502
215,0.043776758
216,0.043662994
217,0.042959435
218,0.042999496
219,0.043230303
220,0.043444584
221,0.043565488
222,0.042931506
223,0.043185951
224,0.043276108
225,0.043434870
226,0.043240816
227,0.043390567
228,0.043082381
229,0.042847400
230,0.043253453
231,0.043202889
232,0.043241751
233,0.043459386
234,0.043319838
235,0.043852091
236,0.043628337
237,0.043483190
238,0.043398648
239,0.043473137
240,0.043459421
241,0.043345242
242,0.043435442
243,0.043358851
244,0.043430019
245,0.043890304
246,0.043354046
247,0.043597988
248,0.043443978
249,0.043186596
250,0.043980371
251,0.043243334
252,0.043432236
253,0.043254683
254,0.043330514
