0,0.041816793
1,0.036452280
2,0.036982684
3,0.036971551
4,0.037052468
5,0.038321816
6,0.038286289
7,0.038284382
8,0.038160541
9,0.038782744
10,0.038944647
11,0.038787587
12,0.038490773
13,0.038701290
14,0.038717427
15,0.038869647
16,0.038800927
17,0.038722904
18,0.038616121
19,0.038589418
20,0.038877764
21,0.039362634
22,0.038664887
23,0.038929601
24,0.038810133
25,0.039125103
26,0.038780219
27,0.038781190
28,0.038923731
29,0.038089606
30,0.038523868
31,0.038868643
32,0.039243198
33,0.038568624
34,0.038630015
35,0.038855880
36,0.038975626
37,0.038692848
38,0.039303009
39,0.038812068
40,0.038839988
41,0.039214611
42,0.039108424
43,0.039060373
44,0.039241137
45,0.038935128
46,0.039207007
47,0.038970918
48,0.038892609
49,0.038550000
50,0.039086118
51,0.039043812
52,0.038840637
53,0.039060166
54,0.039350307
55,0.038922944
56,0.039187724
57,0.038372725
58,0.038955423
59,0.039503185
60,0.038804933
61,0.039010971
62,0.039565075
63,0.039020916
64,0.038948500
65,0.039779803
66,0.039046106
67,0.039613797
68,0.039018425
69,0.039323468
70,0.038959031
71,0.039221988
72,0.039216281
73,0.039288167
74,0.039237749
75,0.038493777
76,0.039106690
77,0.039432093
78,0.039062630
79,0.039313539
80,0.038896951
81,0.039261842
82,0.039298654
83,0.039400541
84,0.039564536
85,0.039042706
86,0.038931802
87,0.038945807
88,0.039021632
89,0.039202168
90,0.039150018
91,0.038869395
92,0.038905244
93,0.038681025
94,0.039074074
95,0.039452986
96,0.038977334
97,0.039056287
98,0.038742056
99,0.038620271
100,0.039056544
101,0.039010074
102,0.038929146
103,0.039580440
104,0.039653191
105,0.039344464
106,0.039168334
107,0.039116562
108,0.039479197
109,0.039084909
110,0.039729629
111,0.039230933
112,0.039440698
113,0.039337417
114,0.039565294
115,0.039958379
116,0.039625068
117,0.039587546
118,0.039216040
119,0.039037609
120,0.038959477
121,0.039379508
122,0.039004978
123,0.039627830
124,0.039275239
125,0.039717355
126,0.039064936
127,0.039658360
128,0.039812677
129,0.039742241
130,0.040151628
131,0.039891280
132,0.040013432
133,0.039772317
134,0.039674966
135,0.040143701
136,0.039590309
137,0.039608494
138,0.039364501
139,0.039405588
140,0.039502937
141,0.039959713
142,0.039646048
143,0.039875098
144,0.039740051
145,0.039479274
146,0.039895092
147,0.039830452
148,0.039726158
149,0.039629252
150,0.040041978
151,0.039404215
152,0.039960718
153,0.039750781
154,0.039797969
155,0.039725107
156,0.039809308
157,0.039952382
158,0.039912672
159,0.039859611
160,0.039653677
161,0.039676703
162,0.039920915
163,0.039517502
164,0.040025601
165,0.039881398
166,0.039773072
167,0.039844478
168,0.040063592
169,0.039715602
170,0.040354635
171,0.039757124
172,0.039861462
173,0.039658778
174,0.040052870
175,0.039900215
176,0.040044124
177,0.040285352
178,0.040220360
179,0.040252175
180,0.039818535
181,0.039801647
182,0.039758689
183,0.040388546
184,0.039901974
185,0.040076065
186,0.040219007
187,0.039976194
188,0.040181396
189,0.039865337
190,0.040384306
191,0.040182926
192,0.040312198
193,0.040430970
194,0.040265830
195,0.039723048
196,0.039305989
197,0.040187500
198,0.040026099
199,0.040594680
200,0.040463982
201,0.040324320
202,0.040320239
203,0.039902887
204,0.040480657
205,0.040017207
206,0.039604292
207,0.039849830
208,0.039728178
209,0.040200905
210,0.040076469
211,0.040056000
212,0.040013099
213,0.039725063
214,0.039863176
215,0.040138370
216,0.040352277
217,0.040473519
218,0.040182878
219,0.041076053
220,0.040852146
221,0.040632325
222,0.040430233
223,0.040554972
224,0.040341128
225,0.040419030
226,0.040396627
227,0.040427921
228,0.040393908
229,0.040121795
230,0.040306827
231,0.040747263
232,0.040417586
233,0.040499704
234,0.040609550
235,0.040751578
236,0.040613756
237,0.040396453
238,0.039911359
239,0.039894019
240,0.040002185
241,0.040301891
242,0.040386950
243,0.040499246
244,0.040078832
245,0.039806906
246,0.041014583
247,0.039985797
248,0.040431094
249,0.040439040
250,0.040337101
251,0.040978519
252,0.040493673
253,0.040055639
254,0.040166283
