0,0.026251662
1,0.024400827
2,0.023908123
3,0.024643184
4,0.024744693
5,0.024682980
6,0.025006556
7,0.025285957
8,0.025257855
9,0.025155190
10,0.025031329
11,0.025550493
12,0.025381398
13,0.025649336
14,0.025507567
15,0.025736304
16,0.025270954
17,0.025267525
18,0.025623557
19,0.025894331
20,0.025565824
21,0.025391059
22,0.025405827
23,0.025735536
24,0.026032792
25,0.025910561
26,0.026186839
27,0.026079901
28,0.025835729
29,0.025941534
30,0.025885849
31,0.025602585
32,0.025720125
33,0.026247177
34,0.025817186
35,0.026516938
36,0.025768727
37,0.025389785
38,0.025998680
39,0.025606447
40,0.025619127
41,0.025762281
42,0.025876051
43,0.025513759
44,0.026030669
45,0.025518371
46,0.025363029
47,0.025415749
48,0.025503802
49,0.025350378
50,0.025376411
51,0.025498383
52,0.025203596
53,0.025719488
54,0.025737129
55,0.025327687
56,0.025840320
57,0.025709046
58,0.025517127
59,0.025883789
60,0.025524165
61,0.025912032
62,0.026019751
63,0.025749066
64,0.025585533
65,0.025256638
66,0.025825121
67,0.025833834
68,0.025908125
69,0.025643734
70,0.025598894
71,0.026777442
72,0.025764041
73,0.025658536
74,0.025649444
75,0.025578371
76,0.025640616
77,0.026869235
78,0.025653485
79,0.025197395
80,0.025475576
81,0.025484954
82,0.025720533
83,0.025736137
84,0.025705371
85,0.027411345
86,0.025913260
87,0.026142376
88,0.025837688
89,0.026046777
90,0.025719977
91,0.025838777
92,0.025654327
93,0.025760707
94,0.026561224
95,0.026038093
96,0.026193995
97,0.025537535
98,0.025441599
99,0.025278509
100,0.025102442
101,0.025467700
102,0.025557665
103,0.026053405
104,0.025794121
105,0.025711985
106,0.026011620
107,0.026066135
108,0.026613652
109,0.026215546
110,0.027005657
111,0.025786831
112,0.025641872
113,0.025782319
114,0.026204918
115,0.025702198
116,0.026401460
117,0.025956557
118,0.025768659
119,0.026041164
120,0.025716991
121,0.025443813
122,0.025782878
123,0.025783178
124,0.025894905
125,0.025722260
126,0.025841089
127,0.025715661
128,0.025417326
129,0.025958599
130,0.025731542
131,0.025526823
132,0.025439996
133,0.025339482
134,0.025574129
135,0.025205507
136,0.025443604
137,0.026958801
138,0.025571498
139,0.025364525
140,0.025290032
141,0.025092327
142,0.025701031
143,0.025370115
144,0.025547180
145,0.026384503
146,0.025515750
147,0.025329008
148,0.025285305
149,0.025348392
150,0.025760326
151,0.025715366
152,0.025898812
153,0.025539369
154,0.025167851
155,0.025929332
156,0.025708096
157,0.025584323
158,0.025729551
159,0.025640327
160,0.025745428
161,0.025775870
162,0.025616572
163,0.025418074
164,0.025324113
165,0.025217252
166,0.024952013
167,0.025205187
168,0.025443610
169,0.025335809
170,0.025449131
171,0.025626110
172,0.025474269
173,0.025455509
174,0.025044037
175,0.024875441
176,0.025177865
177,0.025694624
178,0.025487272
179,0.025752619
180,0.025495620
181,0.025615039
182,0.025615957
183,0.025590404
184,0.025341022
185,0.025551039
186,0.025805185
187,0.026301800
188,0.025279941
189,0.025472708
190,0.025144152
191,0.024916663
192,0.025572116
193,0.025423841
194,0.026301047
195,0.025218628
196,0.025124437
197,0.025426347
198,0.025361604
199,0.025722403
200,0.025433344
201,0.025514125
202,0.025213119
203,0.026220263
204,0.025118317
205,0.025215966
206,0.025443635
207,0.025348269
208,0.025618909
209,0.025624781
210,0.025658827
211,0.025842306
212,0.025643815
213,0.025671193
214,0.025770952
215,0.025574979
216,0.025644267
217,0.025407378
218,0.025546044
219,0.025831312
220,0.025502609
221,0.025732991
222,0.026150981
223,0.025738914
224,0.025829524
225,0.025543345
226,0.025560403
227,0.025845103
228,0.025619572
229,0.025846755
230,0.025603800
231,0.025510109
232,0.025767834
233,0.025179782
234,0.025514250
235,0.025622069
236,0.025925153
237,0.025258310
238,0.025397722
239,0.025446896
240,0.025183827
241,0.025376334
242,0.025584072
243,0.025661965
244,0.025413785
245,0.025526756
246,0.025476406
247,0.025423948
248,0.025496808
249,0.025311724
250,0.025109524
251,0.025218900
252,0.025710737
253,0.025064153
254,0.025380797
