0,0.032185841
1,0.030367177
2,0.029845990
3,0.031380021
4,0.031508828
5,0.032971699
6,0.032690297
7,0.032578378
8,0.032433682
9,0.032672736
10,0.032657585
11,0.032952130
12,0.032713276
13,0.032927596
14,0.032602883
15,0.032855169
16,0.032543146
17,0.032914423
18,0.032528893
19,0.032768936
20,0.033614050
21,0.032829537
22,0.033232611
23,0.033069403
24,0.033114219
25,0.033385278
26,0.032683245
27,0.033056951
28,0.033293827
29,0.033007899
30,0.032444819
31,0.033166028
32,0.033144798
33,0.032899262
34,0.033216750
35,0.033423973
36,0.033294424
37,0.033064964
38,0.033673272
39,0.033723429
40,0.034668277
41,0.033424929
42,0.033403918
43,0.034523627
44,0.033472047
45,0.033214751
46,0.033325302
47,0.033263112
48,0.033857132
49,0.034941280
50,0.033428293
51,0.033754820
52,0.033359807
53,0.033593483
54,0.033597964
55,0.034085863
56,0.033355101
57,0.033699342
58,0.033571203
59,0.034978702
60,0.034306280
61,0.033896849
62,0.034008535
63,0.034170966
64,0.035272714
65,0.033641807
66,0.033420509
67,0.033352551
68,0.033818217
69,0.033617848
70,0.034822971
71,0.034353630
72,0.033796029
73,0.034502856
74,0.034007121
75,0.034556911
76,0.034188953
77,0.034028920
78,0.034240499
79,0.034526749
80,0.033748990
81,0.033291940
82,0.033764517
83,0.034792287
84,0.034163634
85,0.034059141
86,0.033830650
87,0.033954864
88,0.033722539
89,0.033424689
90,0.033491434
91,0.033855941
92,0.034301664
93,0.033778243
94,0.034269728
95,0.034302680
96,0.034399762
97,0.034049717
98,0.034254805
99,0.034227033
100,0.034670075
101,0.034268135
102,0.033849060
103,0.034032899
104,0.034258224
105,0.034072028
106,0.034501225
107,0.035046454
108,0.034216780
109,0.033887716
110,0.035707245
111,0.034326955
112,0.034724890
113,0.034457150
114,0.034567077
115,0.034849313
116,0.034724492
117,0.034821532
118,0.034757786
119,0.034819561
120,0.034421399
121,0.034341530
122,0.034338098
123,0.034362265
124,0.033993536
125,0.034325639
126,0.034085214
127,0.034789337
128,0.034489385
129,0.034835329
130,0.035100266
131,0.034861529
132,0.034689080
133,0.034501954
134,0.034566509
135,0.034446597
136,0.034417385
137,0.034848997
138,0.034722093
139,0.034828248
140,0.034544674
141,0.034602203
142,0.034778983
143,0.035087121
144,0.034163045
145,0.034243334
146,0.034823215
147,0.034708416
148,0.035017489
149,0.034803911
150,0.034653603
151,0.034875079
152,0.034564037
153,0.034795907
154,0.034491003
155,0.034810557
156,0.034327547
157,0.034419970
158,0.034466056
159,0.035150858
160,0.034469586
161,0.034996724
162,0.034681738
163,0.035113917
164,0.035180938
165,0.035308332
166,0.034846237
167,0.034433607
168,0.034276008
169,0.034685102
170,0.034993588
171,0.035037024
172,0.035053665
173,0.035077475
174,0.034715843
175,0.035176149
176,0.035288231
177,0.036318625
178,0.034717487
179,0.034727855
180,0.034550389
181,0.034636359
182,0.034556620
183,0.034976502
184,0.034535225
185,0.034640202
186,0.034727274
187,0.035125593
188,0.035202773
189,0.034931306
190,0.035045195
191,0.034763568
192,0.034692981
193,0.034907760
194,0.034902436
195,0.034919699
196,0.034917962
197,0.034917299
198,0.034874731
199,0.035323900
200,0.034551155
201,0.034951522
202,0.034727719
203,0.035289638
204,0.035292837
205,0.034336377
206,0.035137699
207,0.035235546
208,0.034920937
209,0.034581628
210,0.034993303
211,0.034963250
212,0.036541477
213,0.034921506
214,0.034432459
215,0.034504972
216,0.034517342
217,0.034595410
218,0.035247778
219,0.034843115
220,0.034944959
221,0.034750749
222,0.035036357
223,0.034517245
224,0.035369951
225,0.034435563
226,0.034784803
227,0.035033723
228,0.034901201
229,0.035077997
230,0.035203036
231,0.034922545
232,0.034878724
233,0.035001474
234,0.034553475
235,0.034810550
236,0.034680197
237,0.035085552
238,0.035515718
239,0.035267824
240,0.035341909
241,0.035096637
242,0.035064804
243,0.035487008
244,0.034867425
245,0.035544015
246,0.035252644
247,0.034809809
248,0.034843077
249,0.035088184
250,0.035019161
251,0.035033961
252,0.035226586
253,0.034881426
254,0.034956447
