0,0.024282494
1,0.022949283
2,0.022923330
3,0.023331974
4,0.023592196
5,0.023896660
6,0.024263832
7,0.024166444
8,0.024283361
9,0.024345252
10,0.024767678
11,0.024942270
12,0.024593440
13,0.024696554
14,0.024601204
15,0.024537424
16,0.024621985
17,0.024643739
18,0.024623276
19,0.024591627
20,0.024466207
21,0.024287589
22,0.024676528
23,0.025012585
24,0.024483984
25,0.024423608
26,0.024767663
27,0.024552929
28,0.024499537
29,0.024703521
30,0.024795412
31,0.024820333
32,0.024787087
33,0.024577710
34,0.024855399
35,0.025207098
36,0.024775074
37,0.024709595
38,0.024709049
39,0.024731985
40,0.024633517
41,0.024791780
42,0.024850914
43,0.024877451
44,0.024603315
45,0.025025013
46,0.024927284
47,0.024976668
48,0.024566372
49,0.024520819
50,0.024742718
51,0.024724954
52,0.025323989
53,0.024798396
54,0.024741242
55,0.024715822
56,0.024715998
57,0.024307137
58,0.024979692
59,0.024819623
60,0.024913490
61,0.025015882
62,0.025526598
63,0.025110818
64,0.024864505
65,0.025125390
66,0.024863641
67,0.025221783
68,0.024778175
69,0.024590305
70,0.025065666
71,0.025360123
72,0.025017023
73,0.024757511
74,0.024768274
75,0.025727538
76,0.024958120
77,0.024751440
78,0.024626546
79,0.024714405
80,0.025025732
81,0.024848558
82,0.025063559
83,0.025299066
84,0.024559918
85,0.024490308
86,0.024989994
87,0.025049640
88,0.024549171
89,0.024822265
90,0.024498860
91,0.024795310
92,0.024350103
93,0.024985483
94,0.024555826
95,0.025396225
96,0.024603102
97,0.024616872
98,0.024852957
99,0.024865226
100,0.024892801
101,0.025095877
102,0.024918396
103,0.025164834
104,0.024783759
105,0.024619647
106,0.024623477
107,0.024940137
108,0.024555825
109,0.024932291
110,0.024996392
111,0.024988794
112,0.025473696
113,0.025136790
114,0.024498634
115,0.024679930
116,0.024907185
117,0.025251126
118,0.024687417
119,0.024534230
120,0.024696232
121,0.024551064
122,0.024788795
123,0.024683597
124,0.025502078
125,0.025483002
126,0.024807262
127,0.025029746
128,0.024732935
129,0.024670457
130,0.025051599
131,0.025238053
132,0.024913956
133,0.024947300
134,0.024708347
135,0.024733451
136,0.024995809
137,0.025357303
138,0.024970073
139,0.024816416
140,0.024524096
141,0.024959778
142,0.025072334
143,0.024773130
144,0.024333539
145,0.024686353
146,0.026417731
147,0.024826797
148,0.024972025
149,0.024948088
150,0.024975395
151,0.025091381
152,0.024620040
153,0.024734463
154,0.024912806
155,0.025139184
156,0.024746028
157,0.024961267
158,0.025145608
159,0.024978161
160,0.024680916
161,0.025343169
162,0.024687426
163,0.024616809
164,0.024791706
165,0.024659039
166,0.025032708
167,0.024764951
168,0.025115689
169,0.024723252
170,0.024754022
171,0.025038955
172,0.025012794
173,0.025455758
174,0.024865137
175,0.024901746
176,0.024811367
177,0.024832536
178,0.025008079
179,0.025446406
180,0.025282451
181,0.025581201
182,0.024585076
183,0.024798881
184,0.025018594
185,0.025247241
186,0.025176326
187,0.025041663
188,0.025048317
189,0.025357084
190,0.025146748
191,0.025159542
192,0.024773290
193,0.025496437
194,0.025464409
195,0.025338440
196,0.026817974
197,0.025569233
198,0.025076885
199,0.025078166
200,0.024880866
201,0.024957391
202,0.025185883
203,0.025557278
204,0.024894709
205,0.025297385
206,0.025244479
207,0.025142373
208,0.025225961
209,0.025273230
210,0.025000482
211,0.024584738
212,0.025432876
213,0.025124095
214,0.025213404
215,0.025383714
216,0.025226268
217,0.024627087
218,0.024902597
219,0.024901646
220,0.025261768
221,0.025276180
222,0.025008776
223,0.025482697
224,0.024814898
225,0.025139210
226,0.025165395
227,0.025252180
228,0.024970368
229,0.025013266
230,0.025224823
231,0.025013538
232,0.025764842
233,0.025288636
234,0.025078300
235,0.025351241
236,0.025258803
237,0.025193754
238,0.025715189
239,0.024920764
240,0.024922959
241,0.025124783
242,0.025377984
243,0.025410791
244,0.024907897
245,0.025503105
246,0.025190425
247,0.024967184
248,0.025375468
249,0.025014110
250,0.025115289
251,0.024940589
252,0.025015638
253,0.025137341
254,0.024865656
