0,0.047333606
1,0.045463575
2,0.045621125
3,0.046222935
4,0.047149129
5,0.046878286
6,0.046918777
7,0.047154679
8,0.046831595
9,0.047229072
10,0.047093054
11,0.047482435
12,0.047951919
13,0.047692313
14,0.047613101
15,0.047489068
16,0.047590974
17,0.047503169
18,0.047565200
19,0.047558617
20,0.047505462
21,0.047248263
22,0.047651744
23,0.047744635
24,0.047724017
25,0.047564043
26,0.047759841
27,0.047822537
28,0.047836963
29,0.048164010
30,0.047333455
31,0.047174258
32,0.047605079
33,0.047670413
34,0.048090577
35,0.047898212
36,0.047371243
37,0.047575946
38,0.047651504
39,0.047753779
40,0.047667549
41,0.047778370
42,0.047836357
43,0.047668824
44,0.047770442
45,0.047462678
46,0.047436772
47,0.047543011
48,0.047696536
49,0.047541015
50,0.047942043
51,0.047630231
52,0.047874859
53,0.048455554
54,0.047863504
55,0.047825895
56,0.047952804
57,0.048063905
58,0.047931558
59,0.047850144
60,0.047934500
61,0.047613099
62,0.048363046
63,0.047978194
64,0.048370822
65,0.048004498
66,0.047640165
67,0.047878229
68,0.047766658
69,0.047944637
70,0.048508756
71,0.048141646
72,0.047965559
73,0.048058264
74,0.048337861
75,0.048442561
76,0.047837644
77,0.048044078
78,0.048543416
79,0.047981967
80,0.047949172
81,0.048431834
82,0.047977024
83,0.048041477
84,0.047974239
85,0.048242571
86,0.047981118
87,0.048590281
88,0.048489887
89,0.048588149
90,0.048360358
91,0.048070584
92,0.048303860
93,0.048426923
94,0.048385342
95,0.048196737
96,0.048123845
97,0.048352065
98,0.048299167
99,0.048696533
100,0.048301433
101,0.048499297
102,0.048163808
103,0.048326901
104,0.047845165
105,0.048106722
106,0.048017222
107,0.048272117
108,0.048399354
109,0.048486784
110,0.047913398
111,0.048418155
112,0.048471824
113,0.048260400
114,0.047993882
115,0.047962892
116,0.048044342
117,0.048577695
118,0.048747689
119,0.048625058
120,0.048571812
121,0.048509650
122,0.048448872
123,0.048762976
124,0.048796323
125,0.049009684
126,0.048560386
127,0.048367176
128,0.048769181
129,0.048633839
130,0.048622489
131,0.048821688
132,0.048521749
133,0.048481675
134,0.048598717
135,0.048577720
136,0.048293237
137,0.048430301
138,0.048763431
139,0.048445778
140,0.048560511
141,0.048687969
142,0.048413744
143,0.048312703
144,0.048135665
145,0.048254446
146,0.048863832
147,0.048938615
148,0.048538911
149,0.048712047
150,0.048884081
151,0.048710348
152,0.048757834
153,0.048690535
154,0.048686803
155,0.048857699
156,0.048463009
157,0.048552433
158,0.048489345
159,0.048691824
160,0.048590349
161,0.049116946
162,0.048667179
163,0.048694879
164,0.048706317
165,0.048673650
166,0.048462062
167,0.048452003
168,0.048674751
169,0.048324824
170,0.048835721
171,0.048761596
172,0.048782445
173,0.048912585
174,0.048745946
175,0.048437056
176,0.048641718
177,0.049150980
178,0.048574812
179,0.048808188
180,0.048863695
181,0.048712986
182,0.048920619
183,0.048896713
184,0.048615145
185,0.048712590
186,0.048700300
187,0.048909142
188,0.048931703
189,0.048964259
190,0.048440620
191,0.048872731
192,0.048827865
193,0.048891475
194,0.048771443
195,0.049355608
196,0.048848666
197,0.049188009
198,0.048771482
199,0.048848848
200,0.048755420
201,0.048794610
202,0.048643049
203,0.048377996
204,0.049114094
205,0.048749310
206,0.048840538
207,0.048920925
208,0.048797227
209,0.048707349
210,0.048739679
211,0.049168771
212,0.048674036
213,0.048658054
214,0.049025743
215,0.049036366
216,0.048843365
217,0.048841243
218,0.049028036
219,0.048820991
220,0.048742683
221,0.048679068
222,0.048907016
223,0.048564341
224,0.049035747
225,0.048777953
226,0.049079819
227,0.049242346
228,0.049474276
229,0.048870546
230,0.049029589
231,0.048802808
232,0.049154701
233,0.049019359
234,0.049336850
235,0.049215798
236,0.049037699
237,0.048998340
238,0.049028395
239,0.049063164
240,0.049083422
241,0.049066157
242,0.049214086
243,0.049402582
244,0.048972700
245,0.048996726
246,0.048781460
247,0.048910179
248,0.049117425
249,0.049055617
250,0.048683819
251,0.049081912
252,0.049063867
253,0.049088728
254,0.048988392
