0,0.025055897
1,0.022063988
2,0.022210429
3,0.022502977
4,0.022913403
5,0.022936468
6,0.023370337
7,0.023470012
8,0.023274575
9,0.023698097
10,0.023596777
11,0.024068754
12,0.023968493
13,0.024140751
14,0.023859692
15,0.023706144
16,0.023770555
17,0.024073703
18,0.024014377
19,0.024186959
20,0.023786504
21,0.023893162
22,0.024009456
23,0.024154447
24,0.024577242
25,0.024445729
26,0.024188252
27,0.024152314
28,0.024343025
29,0.024043522
30,0.024051903
31,0.023856252
32,0.024011853
33,0.024119509
34,0.024267550
35,0.024181079
36,0.024325736
37,0.023957410
38,0.024654975
39,0.024402804
40,0.024553538
41,0.024459954
42,0.024368358
43,0.024660992
44,0.024538399
45,0.025318629
46,0.024234928
47,0.024196771
48,0.024398345
49,0.024088334
50,0.024177235
51,0.023959346
52,0.024535101
53,0.024313889
54,0.024387498
55,0.024011860
56,0.023841158
57,0.023863846
58,0.024519554
59,0.024504065
60,0.028133225
61,0.024991746
62,0.024607492
63,0.024428809
64,0.024849972
65,0.024371797
66,0.024497700
67,0.024610981
68,0.024431622
69,0.024217690
70,0.024561665
71,0.024227603
72,0.024662799
73,0.024701923
74,0.024778879
75,0.024425627
76,0.024416005
77,0.024226293
78,0.024668825
79,0.024173379
80,0.024213185
81,0.023861761
82,0.024296550
83,0.024367152
84,0.024412900
85,0.024701300
86,0.024040469
87,0.023324166
88,0.023675783
89,0.023844425
90,0.024169483
91,0.024159863
92,0.023931354
93,0.024269622
94,0.025259599
95,0.024485448
96,0.024180363
97,0.024410678
98,0.024467671
99,0.024103388
100,0.024413741
101,0.023486095
102,0.023977101
103,0.023881009
104,0.023956515
105,0.023751663
106,0.024024241
107,0.024147786
108,0.024085347
109,0.024452899
110,0.024235296
111,0.024630224
112,0.024105611
113,0.024225540
114,0.023965297
115,0.023702419
116,0.024342971
117,0.024213918
118,0.024179536
119,0.024391136
120,0.024403287
121,0.024528857
122,0.024469023
123,0.024683090
124,0.024619987
125,0.024749787
126,0.024543151
127,0.024709962
128,0.024396261
129,0.024251429
130,0.024645269
131,0.024799634
132,0.024288853
133,0.024318486
134,0.024280322
135,0.024142281
136,0.024389436
137,0.024607466
138,0.024326614
139,0.024377301
140,0.024979270
141,0.024238010
142,0.024265808
143,0.024339693
144,0.024540158
145,0.024553388
146,0.023762411
147,0.023875261
148,0.024079832
149,0.023942132
150,0.024216857
151,0.023949670
152,0.024261347
153,0.024292798
154,0.024567101
155,0.024285358
156,0.024104117
157,0.024652654
158,0.024818808
159,0.024567930
160,0.024512112
161,0.024761696
162,0.025108312
163,0.025003745
164,0.024496907
165,0.024988297
166,0.024547154
167,0.024797454
168,0.024464433
169,0.024311933
170,0.024491639
171,0.024604395
172,0.024186806
173,0.024456018
174,0.024416618
175,0.024425215
176,0.024646253
177,0.024265422
178,0.024580329
179,0.024820361
180,0.024655062
181,0.024554063
182,0.024407901
183,0.024360088
184,0.023863492
185,0.024337008
186,0.024648253
187,0.024188528
188,0.024323396
189,0.024871716
190,0.024017777
191,0.024666606
192,0.024349073
193,0.024617442
194,0.024598429
195,0.024781714
196,0.024530232
197,0.025305080
198,0.024908074
199,0.024392174
200,0.023980768
201,0.026177680
202,0.024680495
203,0.024105787
204,0.024243850
205,0.024432469
206,0.024317659
207,0.024475652
208,0.024709776
209,0.024256937
210,0.024543051
211,0.024386472
212,0.024354286
213,0.024499979
214,0.024539840
215,0.024832750
216,0.024482583
217,0.024403324
218,0.024461364
219,0.024120345
220,0.024586136
221,0.024298409
222,0.024337569
223,0.024172101
224,0.024248827
225,0.024803873
226,0.024124817
227,0.025028348
228,0.024217243
229,0.024463742
230,0.024249971
231,0.024481340
232,0.024667903
233,0.024380974
234,0.024625037
235,0.024268694
236,0.024249255
237,0.024315457
238,0.024681806
239,0.024630454
240,0.024219968
241,0.024313105
242,0.024341526
243,0.024111373
244,0.024878365
245,0.024358991
246,0.024309183
247,0.023996440
248,0.024367949
249,0.024391875
250,0.024628694
251,0.024661324
252,0.024580160
253,0.024225377
254,0.024293822
