0,0.017684443
1,0.016519207
2,0.016698685
3,0.016803316
4,0.017501486
5,0.017726084
6,0.017630252
7,0.018136935
8,0.017862983
9,0.017881761
10,0.018066550
11,0.018226670
12,0.018428022
13,0.018303359
14,0.018135180
15,0.018512170
16,0.018120445
17,0.017789428
18,0.017681705
19,0.017900804
20,0.018154182
21,0.018141085
22,0.017964320
23,0.018010786
24,0.018222592
25,0.018232764
26,0.017925017
27,0.018017476
28,0.017930180
29,0.017923749
30,0.017909752
31,0.017999099
32,0.018205286
33,0.018088390
34,0.018173064
35,0.017938126
36,0.018210020
37,0.018030488
38,0.018142859
39,0.018362614
40,0.018026027
41,0.017806393
42,0.018103421
43,0.018010806
44,0.018355131
45,0.017810595
46,0.018060591
47,0.017425492
48,0.018023153
49,0.018112715
50,0.018133094
51,0.018208949
52,0.017922700
53,0.017946928
54,0.017885383
55,0.018461475
56,0.018618069
57,0.018032142
58,0.018119786
59,0.018243820
60,0.018169782
61,0.018458004
62,0.017978560
63,0.018459641
64,0.018015319
65,0.017796111
66,0.017864999
67,0.017945349
68,0.018148122
69,0.017950670
70,0.018137307
71,0.018309514
72,0.017898834
73,0.018042995
74,0.017835187
75,0.017955764
76,0.017909561
77,0.017999817
78,0.018077267
79,0.018233291
80,0.018469471
81,0.017756946
82,0.018201884
83,0.018148003
84,0.018058479
85,0.017827046
86,0.017826052
87,0.018067928
88,0.018353601
89,0.017864838
90,0.018419158
91,0.018354141
92,0.017995896
93,0.017878238
94,0.017846118
95,0.018199428
96,0.018347102
97,0.018217733
98,0.017823442
99,0.018412298
100,0.018091245
101,0.018055997
102,0.017650475
103,0.017858469
104,0.017836067
105,0.017583172
106,0.017962597
107,0.018120132
108,0.017813931
109,0.017716632
110,0.017928050
111,0.018790172
112,0.018087930
113,0.017972818
114,0.018042149
115,0.018286606
116,0.018479294
117,0.018260796
118,0.018251855
119,0.018008849
120,0.018228079
121,0.017948140
122,0.018180114
123,0.017848310
124,0.018090779
125,0.018246113
126,0.018299706
127,0.018253006
128,0.018016430
129,0.018056608
130,0.018002657
131,0.018111740
132,0.017981473
133,0.018209728
134,0.017866028
135,0.018049275
136,0.017851697
137,0.017794672
138,0.017590734
139,0.018048400
140,0.017774556
141,0.018523616
142,0.018067346
143,0.017849235
144,0.017948780
145,0.018058866
146,0.018252516
147,0.018078707
148,0.018317942
149,0.017879844
150,0.018218691
151,0.018172940
152,0.018061504
153,0.017785968
154,0.017877365
155,0.018113158
156,0.018213036
157,0.017987238
158,0.018096617
159,0.017748783
160,0.018008511
161,0.018169770
162,0.017835047
163,0.018044370
164,0.018308453
165,0.018142657
166,0.018218923
167,0.018368191
168,0.017998613
169,0.018210748
170,0.018339903
171,0.018152335
172,0.018178350
173,0.018162127
174,0.018365598
175,0.018770611
176,0.017949985
177,0.018117768
178,0.018045379
179,0.018085016
180,0.018205625
181,0.018450797
182,0.018366792
183,0.018095935
184,0.018134788
185,0.018116114
186,0.018006211
187,0.017985469
188,0.017612804
189,0.018162767
190,0.018270237
191,0.018279090
192,0.018483720
193,0.018132699
194,0.018124773
195,0.018274074
196,0.018147952
197,0.017905052
198,0.017784524
199,0.018349492
200,0.018219311
201,0.018327540
202,0.018055379
203,0.018326679
204,0.017978466
205,0.018094818
206,0.018084696
207,0.018235044
208,0.018127874
209,0.018414147
210,0.018109578
211,0.018036672
212,0.018096717
213,0.018014563
214,0.017826944
215,0.017786187
216,0.017608130
217,0.017869299
218,0.017743868
219,0.018232984
220,0.018014745
221,0.017742544
222,0.017891377
223,0.018107064
224,0.018145328
225,0.017896094
226,0.018155787
227,0.018377306
228,0.018247910
229,0.018902334
230,0.018046991
231,0.018551624
232,0.018159932
233,0.018233012
234,0.018239586
235,0.018384949
236,0.018422755
237,0.017982060
238,0.018294616
239,0.018090294
240,0.018169355
241,0.018373993
242,0.017832720
243,0.018171009
244,0.018006883
245,0.017717394
246,0.017627914
247,0.017554350
248,0.017785629
249,0.017650166
250,0.017984939
251,0.017708492
252,0.017481222
253,0.017652549
254,0.017543772
