0,0.046852854
1,0.043001818
2,0.043737741
3,0.044334086
4,0.044338889
5,0.044875813
6,0.044737011
7,0.044981601
8,0.045116666
9,0.044937723
10,0.045052654
11,0.045160722
12,0.045731698
13,0.045460788
14,0.045306380
15,0.045348807
16,0.045381561
17,0.045425168
18,0.045397172
19,0.045297562
20,0.045578391
21,0.045269156
22,0.045414783
23,0.045573699
24,0.045182767
25,0.045483055
26,0.045424292
27,0.045178685
28,0.045393932
29,0.045328477
30,0.045343739
31,0.045652037
32,0.045792615
33,0.045933206
34,0.045803420
35,0.045546322
36,0.045912060
37,0.045598369
38,0.046096561
39,0.045914772
40,0.045663759
41,0.045469782
42,0.045422990
43,0.045332531
44,0.045484343
45,0.045541767
46,0.045515793
47,0.045888185
48,0.045856312
49,0.045872985
50,0.046133015
51,0.045673861
52,0.045695901
53,0.045448031
54,0.045368026
55,0.045484044
56,0.045605039
57,0.045386788
58,0.045514456
59,0.046190009
60,0.045500561
61,0.045825706
62,0.045781851
63,0.045685317
64,0.045621224
65,0.045799205
66,0.045765261
67,0.045730493
68,0.046177923
69,0.046024657
70,0.046100432
71,0.046148239
72,0.045794103
73,0.045605046
74,0.046110414
75,0.046454715
76,0.046082365
77,0.046167298
78,0.045752417
79,0.045924173
80,0.046069863
81,0.046409680
82,0.045661580
83,0.046078996
84,0.046216313
85,0.046329048
86,0.046249339
87,0.045874124
88,0.046076279
89,0.046260692
90,0.046151087
91,0.045697369
92,0.046100031
93,0.045914293
94,0.046349178
95,0.046225994
96,0.046176901
97,0.045961695
98,0.045708815
99,0.046444612
100,0.045868804
101,0.046208807
102,0.046452751
103,0.046213335
104,0.046218209
105,0.046087224
106,0.046030912
107,0.045934431
108,0.046032211
109,0.046136851
110,0.046189617
111,0.046203480
112,0.046418882
113,0.046227793
114,0.046248671
115,0.046011415
116,0.046101284
117,0.046330210
118,0.046042389
119,0.046408296
120,0.046475963
121,0.046408493
122,0.046299402
123,0.046447567
124,0.046417205
125,0.046478993
126,0.046613837
127,0.046043964
128,0.046647600
129,0.046912727
130,0.046795467
131,0.046757911
132,0.046559729
133,0.046974915
134,0.046773282
135,0.046761429
136,0.046539895
137,0.046061984
138,0.046755595
139,0.046549186
140,0.046616543
141,0.046889777
142,0.046668444
143,0.046527375
144,0.046803446
145,0.046832295
146,0.046997455
147,0.046775126
148,0.046590469
149,0.046709666
150,0.046605466
151,0.046896294
152,0.046838584
153,0.046775078
154,0.046698342
155,0.046827581
156,0.046898811
157,0.046910036
158,0.046903137
159,0.047238023
160,0.047031632
161,0.047086652
162,0.046851020
163,0.047069583
164,0.047062898
165,0.047072147
166,0.046807926
167,0.046936167
168,0.046895255
169,0.046593361
170,0.046860351
171,0.046723072
172,0.046656309
173,0.046567533
174,0.046882195
175,0.046812088
176,0.047145822
177,0.046861988
178,0.046877351
179,0.047035879
180,0.046761510
181,0.046602909
182,0.046698588
183,0.046402958
184,0.046910347
185,0.046881410
186,0.046980805
187,0.046540553
188,0.046846937
189,0.046654271
190,0.046942557
191,0.046521302
192,0.046724263
193,0.046863851
194,0.046619616
195,0.046856969
196,0.046814594
197,0.046599160
198,0.046899684
199,0.047000046
200,0.046986153
201,0.046646108
202,0.046494004
203,0.046344143
204,0.047218716
205,0.046706143
206,0.046913056
207,0.047041921
208,0.046758726
209,0.046652407
210,0.046781411
211,0.046887977
212,0.046823573
213,0.047193865
214,0.047088971
215,0.047096255
216,0.046923249
217,0.046692180
218,0.047233575
219,0.046764307
220,0.047042739
221,0.047076291
222,0.046958237
223,0.046584096
224,0.046736093
225,0.046678077
226,0.046531960
227,0.046991924
228,0.046713494
229,0.046832662
230,0.046819374
231,0.046769253
232,0.046620739
233,0.046827322
234,0.047092404
235,0.046741886
236,0.046716078
237,0.047089480
238,0.046638043
239,0.047007594
240,0.047322156
241,0.046610010
242,0.046899138
243,0.046556487
244,0.046463865
245,0.046696570
246,0.046880477
247,0.046714669
248,0.046890017
249,0.047054895
250,0.046931034
251,0.047079425
252,0.047051245
253,0.046831669
254,0.047006830
