0,0.012215537
1,0.012054213
2,0.012095363
3,0.012067278
4,0.012028964
5,0.012055149
6,0.011998692
7,0.011956855
8,0.011979057
9,0.011998967
10,0.011977711
11,0.012013648
12,0.011983420
13,0.012019066
14,0.012005492
15,0.011990109
16,0.012003424
17,0.011966951
18,0.011996281
19,0.011974402
20,0.011972437
21,0.011993227
22,0.011954877
23,0.011956184
24,0.011989656
25,0.011975452
26,0.011962866
27,0.011960845
28,0.011945192
29,0.011997590
30,0.011905154
31,0.011967244
32,0.011982785
33,0.011974322
34,0.011993594
35,0.011959320
36,0.011974217
37,0.011954930
38,0.011913494
39,0.012016275
40,0.012010053
41,0.012066502
42,0.011985037
43,0.011972907
44,0.011957555
45,0.011954669
46,0.011980552
47,0.011993188
48,0.011972427
49,0.011962639
50,0.011902357
51,0.011981724
52,0.012009974
53,0.011967400
54,0.011931550
55,0.011944359
56,0.011939099
57,0.011922146
58,0.011975804
59,0.011986904
60,0.011915455
61,0.011959549
62,0.011938051
63,0.011949012
64,0.011962632
65,0.011981443
66,0.011968967
67,0.011972505
68,0.011940799
69,0.011954652
70,0.011942346
71,0.011982825
72,0.011986640
73,0.012334160
74,0.011967422
75,0.011961693
76,0.011952113
77,0.011946692
78,0.011944620
79,0.011957173
80,0.011988318
81,0.011969027
82,0.011940648
83,0.011972018
84,0.011974063
85,0.011964032
86,0.011945625
87,0.011953280
88,0.011962864
89,0.011952156
90,0.011978508
91,0.012022129
92,0.011962652
93,0.011959109
94,0.011961576
95,0.011938729
96,0.012015496
97,0.011992461
98,0.011954910
99,0.011972236
100,0.012101622
101,0.012004877
102,0.012024653
103,0.011972473
104,0.011967834
105,0.012455552
106,0.012004513
107,0.011957904
108,0.011995272
109,0.011999679
110,0.012000075
111,0.011958076
112,0.011971075
113,0.011980555
114,0.011960040
115,0.011954616
116,0.011967219
117,0.011947482
118,0.011943868
119,0.011934719
120,0.011985990
121,0.012033506
122,0.012011873
123,0.011976448
124,0.012013169
125,0.012047216
126,0.012058283
127,0.011944653
128,0.011923168
129,0.011961171
130,0.011963971
131,0.012019368
132,0.011974188
133,0.011994456
134,0.011997447
135,0.011982465
136,0.012001704
137,0.011932776
138,0.012000116
139,0.011993781
140,0.012002339
141,0.011995296
142,0.011995151
143,0.011986691
144,0.011958544
145,0.011981524
146,0.012526011
147,0.011962089
148,0.011957216
149,0.011956401
150,0.011976327
151,0.011983478
152,0.012011333
153,0.012053950
154,0.011974938
155,0.011954969
156,0.011960977
157,0.011993449
158,0.011986305
159,0.012004405
160,0.012011382
161,0.012016488
162,0.012004514
163,0.012009199
164,0.011969031
165,0.011987423
166,0.011967529
167,0.012028904
168,0.011974154
169,0.011967818
170,0.011980891
171,0.011995875
172,0.011924525
173,0.011985262
174,0.011993695
175,0.012007010
176,0.011974368
177,0.011992021
178,0.012019803
179,0.011985650
180,0.011993259
181,0.012102485
182,0.011979491
183,0.012005677
184,0.011991302
185,0.011944713
186,0.011975760
187,0.014594197
188,0.012056469
189,0.012024782
190,0.012065017
191,0.012017021
192,0.012035770
193,0.012024597
194,0.012126889
195,0.011960281
196,0.012018430
197,0.011973073
198,0.012017329
199,0.012006720
200,0.012046449
201,0.012014038
202,0.011990209
203,0.011989537
204,0.012040671
205,0.011985582
206,0.012018951
207,0.012082836
208,0.012045274
209,0.012007658
210,0.011975428
211,0.011998261
212,0.012005905
213,0.012030288
214,0.012026444
215,0.011980478
216,0.012014499
217,0.011967994
218,0.012046550
219,0.012046336
220,0.012010046
221,0.012115811
222,0.012027836
223,0.011992126
224,0.012109737
225,0.012014163
226,0.012049499
227,0.012021115
228,0.012020057
229,0.012015448
230,0.012154757
231,0.012044518
232,0.012039561
233,0.012007641
234,0.011981558
235,0.011998539
236,0.012018557
237,0.012040189
238,0.012037978
239,0.011999770
240,0.012014466
241,0.012385653
242,0.012049847
243,0.012052606
244,0.012511491
245,0.012268069
246,0.011997957
247,0.012041008
248,0.012027206
249,0.012160841
250,0.012077471
251,0.012042775
252,0.012004815
253,0.012000701
254,0.012006590
