0,0.029235436
1,0.026985774
2,0.027180432
3,0.028011737
4,0.028793549
5,0.029311184
6,0.028622373
7,0.028877158
8,0.029353144
9,0.029142611
10,0.029628986
11,0.029258183
12,0.029370835
13,0.029928415
14,0.029452507
15,0.029374224
16,0.029625811
17,0.029556189
18,0.029064117
19,0.029521712
20,0.031022618
21,0.030022500
22,0.030149680
23,0.029645636
24,0.029997274
25,0.029933441
26,0.029679300
27,0.029828516
28,0.029605238
29,0.029716857
30,0.029459960
31,0.030133277
32,0.030236629
33,0.030294298
34,0.030112195
35,0.030116950
36,0.029845282
37,0.030346183
38,0.030522407
39,0.030058800
40,0.030567581
41,0.030601356
42,0.029971358
43,0.030100839
44,0.030758862
45,0.030581328
46,0.030887057
47,0.030528739
48,0.029912038
49,0.030582013
50,0.030400054
51,0.030489328
52,0.030648637
53,0.030649368
54,0.030578392
55,0.030360572
56,0.030319400
57,0.029810437
58,0.030519806
59,0.031298907
60,0.030852127
61,0.030401873
62,0.030572256
63,0.030460833
64,0.030110468
65,0.030845229
66,0.030712111
67,0.030383099
68,0.030616545
69,0.030603500
70,0.030514423
71,0.030728720
72,0.030602851
73,0.030454934
74,0.030583421
75,0.030432926
76,0.030637362
77,0.030288212
78,0.030610057
79,0.030562092
80,0.030620293
81,0.030697326
82,0.030915385
83,0.030987772
84,0.030150234
85,0.030508881
86,0.031011197
87,0.030819818
88,0.030798634
89,0.030587267
90,0.030724538
91,0.031122655
92,0.030676018
93,0.031541583
94,0.030613433
95,0.030543544
96,0.031571714
97,0.030809519
98,0.030618197
99,0.030893621
100,0.031289979
101,0.030994806
102,0.031284023
103,0.031156256
104,0.031057516
105,0.031228499
106,0.031267300
107,0.031375848
108,0.031222413
109,0.030730169
110,0.030654901
111,0.031495849
112,0.030938834
113,0.031008535
114,0.030740114
115,0.030719816
116,0.031144505
117,0.031283812
118,0.031547920
119,0.031289474
120,0.031282176
121,0.031155593
122,0.031072954
123,0.031481376
124,0.031650028
125,0.031491663
126,0.031428054
127,0.032185393
128,0.031417668
129,0.031549831
130,0.031915833
131,0.031286558
132,0.031394243
133,0.031362288
134,0.031763316
135,0.031454832
136,0.031334690
137,0.031696832
138,0.031626264
139,0.031141046
140,0.031352270
141,0.031407289
142,0.031823826
143,0.031485718
144,0.031505946
145,0.031200910
146,0.031687218
147,0.031495910
148,0.031495521
149,0.031869945
150,0.031468576
151,0.031495963
152,0.031437568
153,0.031532249
154,0.031581578
155,0.032172919
156,0.031859172
157,0.031554937
158,0.031778706
159,0.032008557
160,0.031661933
161,0.032121844
162,0.031964355
163,0.031982465
164,0.031967047
165,0.031861596
166,0.031583845
167,0.031861458
168,0.031451418
169,0.031514004
170,0.031401493
171,0.032103339
172,0.032309125
173,0.031900466
174,0.031662375
175,0.031618010
176,0.031288672
177,0.031848329
178,0.032128350
179,0.032158129
180,0.031717713
181,0.031488153
182,0.031984314
183,0.031676056
184,0.031832614
185,0.031715737
186,0.031786617
187,0.032000639
188,0.031199898
189,0.032021065
190,0.032840823
191,0.032087910
192,0.031488313
193,0.031551490
194,0.031849040
195,0.032619255
196,0.032429252
197,0.032166264
198,0.032156351
199,0.032199972
200,0.032017969
201,0.032083067
202,0.032313916
203,0.034859156
204,0.031730329
205,0.032462159
206,0.032272980
207,0.032480249
208,0.032325618
209,0.032043235
210,0.032087632
211,0.032455845
212,0.032062687
213,0.031969991
214,0.032298337
215,0.032522311
216,0.031314485
217,0.031629290
218,0.032136444
219,0.032524220
220,0.032683734
221,0.031935190
222,0.032221728
223,0.032133044
224,0.031765218
225,0.032006646
226,0.031617787
227,0.032304602
228,0.032421892
229,0.032650049
230,0.032416716
231,0.032186714
232,0.032137814
233,0.031827306
234,0.032108945
235,0.032622684
236,0.032473824
237,0.032196366
238,0.032107885
239,0.032677095
240,0.031818673
241,0.031903606
242,0.032278730
243,0.032083815
244,0.032176997
245,0.032375238
246,0.031605257
247,0.032048045
248,0.032218038
249,0.032271075
250,0.032248968
251,0.032178056
252,0.031881334
253,0.032100792
254,0.032616806
