0,0.041411887
1,0.039661230
2,0.039675002
3,0.040405398
4,0.040630022
5,0.040791289
6,0.040979383
7,0.041348177
8,0.041100538
9,0.041265284
10,0.041091454
11,0.041168358
12,0.041610378
13,0.042048571
14,0.041797445
15,0.041746920
16,0.041841084
17,0.041702916
18,0.041452091
19,0.041586499
20,0.041733959
21,0.041470602
22,0.041718341
23,0.041659799
24,0.041855234
25,0.041570676
26,0.041967782
27,0.041566053
28,0.042095451
29,0.041607536
30,0.041695509
31,0.041746892
32,0.041828918
33,0.041915357
34,0.041733619
35,0.042098786
36,0.041968228
37,0.041937701
38,0.041999346
39,0.042418986
40,0.042165114
41,0.042130830
42,0.041934106
43,0.041777530
44,0.041676336
45,0.042252747
46,0.041822020
47,0.042284429
48,0.042414636
49,0.041793464
50,0.041984947
51,0.041962807
52,0.041762503
53,0.042157409
54,0.042070645
55,0.042284874
56,0.042291139
57,0.042304950
58,0.042979185
59,0.042626966
60,0.042152866
61,0.042408345
62,0.042406211
63,0.042183136
64,0.042075066
65,0.042379198
66,0.042381769
67,0.042458768
68,0.042573882
69,0.041969742
70,0.042387589
71,0.041794062
72,0.042021694
73,0.041929442
74,0.042507671
75,0.042284452
76,0.042407011
77,0.042444409
78,0.042689677
79,0.042302898
80,0.042824130
81,0.042367792
82,0.042456164
83,0.042273999
84,0.042595059
85,0.042343546
86,0.042056596
87,0.042379320
88,0.042908402
89,0.042631004
90,0.042657561
91,0.042517897
92,0.042855309
93,0.042708877
94,0.043303412
95,0.042868586
96,0.042613929
97,0.042603209
98,0.042669928
99,0.042738339
100,0.042274934
101,0.041923913
102,0.042321795
103,0.043046660
104,0.042870914
105,0.042170936
106,0.042331121
107,0.042518727
108,0.042531215
109,0.043078323
110,0.043332279
111,0.042703156
112,0.042922092
113,0.043013148
114,0.042867578
115,0.042875600
116,0.042888966
117,0.042799489
118,0.042630533
119,0.042807222
120,0.042881349
121,0.043075615
122,0.043081391
123,0.043134470
124,0.042993208
125,0.043389786
126,0.042654015
127,0.043160123
128,0.043319511
129,0.043196012
130,0.043127083
131,0.042794615
132,0.042783642
133,0.042563848
134,0.042867560
135,0.042596162
136,0.043156926
137,0.043199394
138,0.043203559
139,0.042770280
140,0.043037265
141,0.043056879
142,0.042850076
143,0.043061348
144,0.043007791
145,0.043439864
146,0.043356934
147,0.043155476
148,0.043163040
149,0.043058524
150,0.043351645
151,0.043673664
152,0.043363739
153,0.043069777
154,0.043169655
155,0.043240612
156,0.042990746
157,0.043117556
158,0.043068028
159,0.043846023
160,0.043312055
161,0.043376170
162,0.043648477
163,0.043193389
164,0.043391473
165,0.043494530
166,0.043621441
167,0.043243997
168,0.043168480
169,0.043282973
170,0.043341188
171,0.043181410
172,0.043016963
173,0.042951449
174,0.043461508
175,0.042979519
176,0.042936845
177,0.043116983
178,0.043123205
179,0.042954097
180,0.043277072
181,0.043303724
182,0.042924304
183,0.043780194
184,0.042981222
185,0.042965276
186,0.043312431
187,0.043229714
188,0.043462194
189,0.043103546
190,0.043088902
191,0.043101484
192,0.043691933
193,0.043126710
194,0.043125978
195,0.043408859
196,0.043081460
197,0.042822212
198,0.043280233
199,0.043048924
200,0.043995370
201,0.043306995
202,0.042463818
203,0.043507912
204,0.043562519
205,0.042920454
206,0.043352922
207,0.043429719
208,0.043057479
209,0.043070283
210,0.043389003
211,0.043220907
212,0.043162272
213,0.043289868
214,0.043358761
215,0.043701815
216,0.043244586
217,0.043373492
218,0.043152843
219,0.043277762
220,0.043364709
221,0.043312563
222,0.043043696
223,0.043177739
224,0.043515490
225,0.043303004
226,0.043014548
227,0.043350055
228,0.043308916
229,0.043607509
230,0.043342515
231,0.043323350
232,0.043294100
233,0.043250150
234,0.043137141
235,0.043304196
236,0.043731389
237,0.042910422
238,0.043057591
239,0.042944817
240,0.043221502
241,0.043335283
242,0.042965452
243,0.043539046
244,0.043524045
245,0.043301578
246,0.043420140
247,0.043055076
248,0.042947557
249,0.043335580
250,0.043114417
251,0.044176269
252,0.043346104
253,0.043429891
254,0.043088188
