0,0.037076953
1,0.034933048
2,0.035078868
3,0.036123204
4,0.036436502
5,0.036433461
6,0.036069870
7,0.036715673
8,0.036568472
9,0.038516822
10,0.037372009
11,0.036921110
12,0.037029257
13,0.037042315
14,0.037335580
15,0.037440749
16,0.037275709
17,0.037627232
18,0.037223364
19,0.037494780
20,0.037566545
21,0.037181178
22,0.037837667
23,0.037645650
24,0.037169322
25,0.037499207
26,0.037366020
27,0.037510273
28,0.037508907
29,0.037721242
30,0.037251692
31,0.037262940
32,0.037277286
33,0.037872369
34,0.037534336
35,0.038261714
36,0.037599979
37,0.037203044
38,0.037800627
39,0.037639338
40,0.038032461
41,0.037596868
42,0.037585306
43,0.037976162
44,0.037983403
45,0.037573779
46,0.037945762
47,0.038321187
48,0.037798107
49,0.038008894
50,0.038263616
51,0.037502862
52,0.037904905
53,0.037847716
54,0.037828641
55,0.038619449
56,0.037938057
57,0.038046878
58,0.038272047
59,0.038148254
60,0.037855441
61,0.038434323
62,0.038177409
63,0.038278876
64,0.038113537
65,0.038446935
66,0.038411424
67,0.038205613
68,0.038155620
69,0.038525679
70,0.038194611
71,0.038355679
72,0.038086685
73,0.037986226
74,0.038426318
75,0.038456473
76,0.038269786
77,0.038369524
78,0.038767217
79,0.038060049
80,0.038697496
81,0.038786315
82,0.039001906
83,0.038336988
84,0.038006946
85,0.038257778
86,0.038137321
87,0.038749747
88,0.038708532
89,0.038504398
90,0.038517289
91,0.038129081
92,0.038220910
93,0.038746124
94,0.038220417
95,0.038282901
96,0.038226672
97,0.038186262
98,0.038615053
99,0.038021858
100,0.038856241
101,0.038608153
102,0.039353049
103,0.038606699
104,0.038940696
105,0.038314721
106,0.038753637
107,0.039033412
108,0.038217062
109,0.038318149
110,0.038205227
111,0.038049419
112,0.038327402
113,0.038767877
114,0.038911927
115,0.038845288
116,0.038558297
117,0.038556672
118,0.039127487
119,0.038893001
120,0.038284471
121,0.039084937
122,0.039047162
123,0.038940174
124,0.038629767
125,0.038667515
126,0.038745755
127,0.038627469
128,0.038932571
129,0.039154759
130,0.039391942
131,0.039337791
132,0.038818965
133,0.038672456
134,0.039236186
135,0.039129222
136,0.038880786
137,0.039079128
138,0.039049458
139,0.039289750
140,0.039587324
141,0.039111371
142,0.039283777
143,0.039131397
144,0.039164035
145,0.039101694
146,0.039138432
147,0.039226933
148,0.039102073
149,0.039067312
150,0.039049057
151,0.039301656
152,0.039153429
153,0.039229617
154,0.039269261
155,0.039537883
156,0.039160147
157,0.038933394
158,0.039082554
159,0.039233163
160,0.039206425
161,0.039255112
162,0.038898520
163,0.039345974
164,0.038952645
165,0.039037757
166,0.038549377
167,0.039618151
168,0.039385201
169,0.038736597
170,0.039719336
171,0.039177231
172,0.038860588
173,0.039348668
174,0.039026267
175,0.038939322
176,0.039226582
177,0.038714437
178,0.039419636
179,0.039874365
180,0.039546776
181,0.039571389
182,0.039652547
183,0.039501235
184,0.039204548
185,0.039650034
186,0.039565325
187,0.039370590
188,0.039721438
189,0.039515280
190,0.039855290
191,0.039536977
192,0.039437433
193,0.039559673
194,0.039643683
195,0.039425760
196,0.039544588
197,0.039593716
198,0.039627586
199,0.038960969
200,0.039439820
201,0.039445370
202,0.039649315
203,0.040260590
204,0.039427658
205,0.039537823
206,0.039572892
207,0.039665432
208,0.039754337
209,0.039584652
210,0.039388298
211,0.039339018
212,0.039946503
213,0.039244230
214,0.039044550
215,0.039494295
216,0.039105813
217,0.038970769
218,0.039551636
219,0.039250869
220,0.039575530
221,0.039457880
222,0.039678351
223,0.039367257
224,0.039326416
225,0.039424248
226,0.039499052
227,0.039598831
228,0.039490241
229,0.039472598
230,0.039590198
231,0.039951727
232,0.039976681
233,0.039845551
234,0.039733992
235,0.039535375
236,0.039569610
237,0.039229839
238,0.039181960
239,0.039371750
240,0.039835676
241,0.039382566
242,0.039760246
243,0.039842685
244,0.039828329
245,0.039582322
246,0.039474414
247,0.039107118
248,0.039590476
249,0.039311610
250,0.039598699
251,0.039621463
252,0.039857745
253,0.039518142
254,0.039570040
