0,0.013227441
1,0.012908224
2,0.012971073
3,0.012986340
4,0.012720181
5,0.012910815
6,0.012985315
7,0.012976943
8,0.012855341
9,0.012922276
10,0.012958662
11,0.012912799
12,0.012783535
13,0.012957549
14,0.012880913
15,0.013145953
16,0.012878798
17,0.012927313
18,0.012926314
19,0.012992961
20,0.012813430
21,0.012836831
22,0.013018340
23,0.012933412
24,0.012844939
25,0.013027033
26,0.012946712
27,0.012898619
28,0.012829654
29,0.013044345
30,0.012955514
31,0.012893638
32,0.012904388
33,0.012982215
34,0.012968116
35,0.012907541
36,0.012788965
37,0.012909363
38,0.012982462
39,0.012904583
40,0.012762293
41,0.012970638
42,0.012956816
43,0.012946979
44,0.012837112
45,0.012953333
46,0.012958539
47,0.013642417
48,0.012824294
49,0.012971376
50,0.012930750
51,0.012883606
52,0.012768127
53,0.012998211
54,0.013054021
55,0.012921783
56,0.012821451
57,0.012956883
58,0.012959760
59,0.012921552
60,0.012823712
61,0.012982436
62,0.013000502
63,0.012879429
64,0.012749505
65,0.012999368
66,0.012964401
67,0.012889558
68,0.012813507
69,0.012932992
70,0.012886790
71,0.012848404
72,0.012873269
73,0.012926400
74,0.012944845
75,0.012905029
76,0.012898750
77,0.013226279
78,0.012990665
79,0.012959408
80,0.012831972
81,0.012937859
82,0.012924014
83,0.012835759
84,0.012867382
85,0.012984255
86,0.012961269
87,0.012869666
88,0.012818507
89,0.013209881
90,0.012990204
91,0.012886495
92,0.015768852
93,0.013080883
94,0.013016416
95,0.012912592
96,0.012864926
97,0.013051700
98,0.013007508
99,0.012924745
100,0.012837764
101,0.012981814
102,0.012974629
103,0.012926223
104,0.012921211
105,0.013120035
106,0.013012960
107,0.012950232
108,0.012858101
109,0.013031454
110,0.012963521
111,0.012901724
112,0.012830919
113,0.013003714
114,0.012986205
115,0.013380936
116,0.012916097
117,0.013021335
118,0.012969788
119,0.012877766
120,0.012870237
121,0.012986639
122,0.012988489
123,0.012860269
124,0.012822472
125,0.013233508
126,0.013648352
127,0.013014323
128,0.012938929
129,0.013109079
130,0.013055474
131,0.012932951
132,0.012841535
133,0.013009341
134,0.012980368
135,0.012946010
136,0.012867870
137,0.012962627
138,0.013003832
139,0.012872485
140,0.012821653
141,0.013013650
142,0.012979417
143,0.012947424
144,0.012804483
145,0.012997464
146,0.012954862
147,0.012853448
148,0.012826428
149,0.012990931
150,0.013000818
151,0.012883027
152,0.012785476
153,0.013006477
154,0.013048038
155,0.012939693
156,0.012852375
157,0.012945594
158,0.012944708
159,0.012824651
160,0.012872045
161,0.012942333
162,0.012982805
163,0.012895545
164,0.012904761
165,0.012979719
166,0.012962638
167,0.012872570
168,0.012867913
169,0.013025732
170,0.012964273
171,0.012959178
172,0.012813942
173,0.013030162
174,0.013001723
175,0.012869846
176,0.012862788
177,0.013124750
178,0.012983521
179,0.012989065
180,0.012830293
181,0.012957835
182,0.012990991
183,0.012906446
184,0.012836968
185,0.013858322
186,0.013043454
187,0.013061959
188,0.012878382
189,0.013015044
190,0.012973863
191,0.012944773
192,0.012843904
193,0.013037312
194,0.013007734
195,0.013164360
196,0.012873950
197,0.013079459
198,0.013012388
199,0.012923381
200,0.012823846
201,0.013019960
202,0.013936335
203,0.012875637
204,0.012859360
205,0.012995426
206,0.012963141
207,0.012873675
208,0.012858260
209,0.012998373
210,0.012986770
211,0.012894949
212,0.012883416
213,0.013009838
214,0.013029385
215,0.012933220
216,0.012873060
217,0.012981941
218,0.012990065
219,0.012960089
220,0.012889427
221,0.012985822
222,0.012984151
223,0.012921999
224,0.012876724
225,0.012977331
226,0.012992233
227,0.012893022
228,0.012801582
229,0.012970784
230,0.012956496
231,0.012932918
232,0.012808704
233,0.013035310
234,0.012986147
235,0.012920468
236,0.012976756
237,0.012955026
238,0.012991960
239,0.012900546
240,0.012875007
241,0.013035962
242,0.012982784
243,0.012905130
244,0.012840725
245,0.013053793
246,0.013010704
247,0.012915609
248,0.012800675
249,0.012971492
250,0.012974378
251,0.013012823
252,0.012865161
253,0.012984500
254,0.013012920
