0,0.044025164
1,0.042559737
2,0.043039545
3,0.043409769
4,0.043562127
5,0.044365767
6,0.044475798
7,0.044555234
8,0.044325880
9,0.045001116
10,0.044753834
11,0.045036859
12,0.044952293
13,0.045036164
14,0.045092749
15,0.045379268
16,0.045186207
17,0.044986582
18,0.045030887
19,0.044871222
20,0.044630843
21,0.045090448
22,0.045069922
23,0.045586637
24,0.045413291
25,0.045490883
26,0.045271340
27,0.045231343
28,0.045277328
29,0.045502834
30,0.045659719
31,0.045499903
32,0.045204529
33,0.045151269
34,0.045428876
35,0.045377668
36,0.045790400
37,0.045943738
38,0.045614299
39,0.045602910
40,0.045144373
41,0.044997906
42,0.045223587
43,0.045457229
44,0.045428168
45,0.045976387
46,0.045451379
47,0.045524622
48,0.045825635
49,0.045831336
50,0.045628739
51,0.045373302
52,0.045326554
53,0.045953947
54,0.045817287
55,0.045846689
56,0.045202816
57,0.045700745
58,0.045314472
59,0.045538078
60,0.046005155
61,0.046028567
62,0.046155788
63,0.046040416
64,0.045720768
65,0.045712757
66,0.045780831
67,0.045623595
68,0.046003266
69,0.046258768
70,0.046109966
71,0.046464348
72,0.045552838
73,0.045994972
74,0.046219817
75,0.046256686
76,0.045927093
77,0.046337807
78,0.046025903
79,0.045392075
80,0.045617481
81,0.045740889
82,0.046243897
83,0.046260375
84,0.046081319
85,0.046095147
86,0.046256639
87,0.046036059
88,0.046065113
89,0.046232475
90,0.046052280
91,0.045944243
92,0.045950704
93,0.046224675
94,0.046238392
95,0.046348790
96,0.046473323
97,0.046215361
98,0.045801043
99,0.046235849
100,0.046076037
101,0.046111904
102,0.045786439
103,0.045781176
104,0.045981888
105,0.046212909
106,0.046214199
107,0.046073342
108,0.046169920
109,0.046139472
110,0.046133013
111,0.046220428
112,0.046085554
113,0.046077109
114,0.046178230
115,0.046078510
116,0.046039237
117,0.046008223
118,0.045902745
119,0.046376519
120,0.046306260
121,0.046232569
122,0.046130421
123,0.046443240
124,0.046272791
125,0.046101361
126,0.045996026
127,0.046297471
128,0.046368797
129,0.046352859
130,0.046448578
131,0.046420614
132,0.046145304
133,0.046503465
134,0.046184052
135,0.046544318
136,0.046360353
137,0.046221585
138,0.046418662
139,0.046657201
140,0.046589516
141,0.046246953
142,0.046307822
143,0.046425690
144,0.046645543
145,0.046890439
146,0.046357031
147,0.046208779
148,0.046701697
149,0.046527245
150,0.046759065
151,0.046288745
152,0.046733762
153,0.046881822
154,0.046453009
155,0.046501654
156,0.046416140
157,0.046802750
158,0.046673696
159,0.046633075
160,0.046558918
161,0.046454679
162,0.046493409
163,0.046370242
164,0.046589189
165,0.046226281
166,0.046313305
167,0.046210097
168,0.046146225
169,0.046329201
170,0.046560740
171,0.046329540
172,0.046484100
173,0.046635240
174,0.046615094
175,0.046790142
176,0.046596701
177,0.046769192
178,0.046589810
179,0.046700075
180,0.046423915
181,0.046624853
182,0.046318821
183,0.046525162
184,0.046266277
185,0.046094288
186,0.046281706
187,0.046126567
188,0.045970514
189,0.046404577
190,0.046647219
191,0.046395433
192,0.046598605
193,0.046493475
194,0.047034811
195,0.046599144
196,0.046565083
197,0.046638156
198,0.046290099
199,0.046726743
200,0.046609768
201,0.046667967
202,0.046336524
203,0.046246825
204,0.046030231
205,0.046410950
206,0.046085702
207,0.046404500
208,0.046409213
209,0.046369083
210,0.046664961
211,0.046555732
212,0.046634372
213,0.046568616
214,0.046863561
215,0.046879837
216,0.047171414
217,0.046858761
218,0.046809007
219,0.046613198
220,0.046998979
221,0.046460699
222,0.046477572
223,0.046819007
224,0.046755361
225,0.046838508
226,0.046818266
227,0.047010318
228,0.046532278
229,0.046744841
230,0.046438865
231,0.046589689
232,0.046408151
233,0.046393285
234,0.046263259
235,0.045862222
236,0.046571096
237,0.046722315
238,0.046646661
239,0.046676536
240,0.046598068
241,0.046638610
242,0.046777731
243,0.046550107
244,0.046868206
245,0.046413267
246,0.046904951
247,0.047120832
248,0.046902773
249,0.047017253
250,0.046834050
251,0.046669872
252,0.046441524
253,0.046737700
254,0.046774845
