0,0.051713740
1,0.047242686
2,0.047286185
3,0.048038145
4,0.047919544
5,0.048030362
6,0.048426574
7,0.049094374
8,0.048426950
9,0.048441284
10,0.048719052
11,0.049142879
12,0.048376576
13,0.048573789
14,0.049005340
15,0.048927063
16,0.048490945
17,0.048794922
18,0.048987837
19,0.049128979
20,0.049221471
21,0.048967269
22,0.048591999
23,0.048898077
24,0.049067877
25,0.048995833
26,0.048726549
27,0.048976617
28,0.049087081
29,0.049259038
30,0.049228104
31,0.048986031
32,0.049241185
33,0.048952761
34,0.049327609
35,0.049253860
36,0.049392705
37,0.049088461
38,0.049292637
39,0.049324549
40,0.049181810
41,0.049417740
42,0.049455611
43,0.049561338
44,0.049116949
45,0.049366768
46,0.049084299
47,0.049177087
48,0.049572383
49,0.049266035
50,0.049298282
51,0.049478885
52,0.049396314
53,0.049645756
54,0.049815355
55,0.049285686
56,0.049631285
57,0.049053053
58,0.049536824
59,0.049661487
60,0.049816983
61,0.049489984
62,0.049448403
63,0.049300241
64,0.049333531
65,0.049571436
66,0.049358454
67,0.049742535
68,0.049320956
69,0.049288428
70,0.049280003
71,0.049376179
72,0.049400370
73,0.049326852
74,0.049483243
75,0.049109982
76,0.050048644
77,0.049584834
78,0.049495675
79,0.049513449
80,0.049307286
81,0.049362819
82,0.049474481
83,0.049221091
84,0.049580250
85,0.049372091
86,0.049956952
87,0.049438204
88,0.049707304
89,0.049584894
90,0.049296992
91,0.049474305
92,0.049452833
93,0.049696948
94,0.049454200
95,0.049712892
96,0.049596694
97,0.049558864
98,0.049629017
99,0.049648894
100,0.049584638
101,0.049740210
102,0.049567799
103,0.049669879
104,0.049649168
105,0.049405596
106,0.049876296
107,0.050016620
108,0.050342758
109,0.049668135
110,0.049608796
111,0.049618401
112,0.049520568
113,0.049682893
114,0.049926640
115,0.049732259
116,0.049475945
117,0.049283996
118,0.049715037
119,0.050266929
120,0.049788661
121,0.049678020
122,0.050096640
123,0.049751650
124,0.050094376
125,0.049495037
126,0.049901056
127,0.049676077
128,0.049963819
129,0.050104190
130,0.049821076
131,0.049964381
132,0.050122912
133,0.050353831
134,0.050080926
135,0.050046879
136,0.050232918
137,0.050385288
138,0.050203668
139,0.050164728
140,0.050337682
141,0.050174533
142,0.050213262
143,0.050357838
144,0.050159952
145,0.050092661
146,0.050366362
147,0.050090921
148,0.049977310
149,0.050077883
150,0.050019819
151,0.050456677
152,0.049771865
153,0.049771737
154,0.050193399
155,0.049914020
156,0.049881956
157,0.050437531
158,0.049772006
159,0.050126790
160,0.049934188
161,0.049718917
162,0.049857099
163,0.049970111
164,0.050406018
165,0.050196144
166,0.050111278
167,0.049949854
168,0.050010949
169,0.050224806
170,0.049920656
171,0.049948576
172,0.050218272
173,0.050014529
174,0.049926207
175,0.050001655
176,0.050136424
177,0.050297688
178,0.050083699
179,0.050146757
180,0.050449727
181,0.050353126
182,0.050503982
183,0.050040101
184,0.050402545
185,0.050042514
186,0.050163199
187,0.050307550
188,0.050031780
189,0.050725619
190,0.050227788
191,0.050227392
192,0.050283415
193,0.050097548
194,0.050532894
195,0.050359822
196,0.050410469
197,0.049827086
198,0.050283079
199,0.050229425
200,0.050203957
201,0.050088618
202,0.050268626
203,0.050012085
204,0.050354319
205,0.050240440
206,0.050190900
207,0.050146639
208,0.050177844
209,0.050047007
210,0.050042155
211,0.050098943
212,0.050282174
213,0.050104142
214,0.050668563
215,0.050818795
216,0.050260803
217,0.050172958
218,0.050259627
219,0.049620175
220,0.049813884
221,0.050382471
222,0.050343357
223,0.050315064
224,0.050610341
225,0.049990088
226,0.050129206
227,0.049868854
228,0.050279697
229,0.050265357
230,0.050250463
231,0.050219125
232,0.050325510
233,0.050502923
234,0.050216542
235,0.050220863
236,0.050317870
237,0.050455306
238,0.050248453
239,0.050545666
240,0.050193370
241,0.049914095
242,0.049951300
243,0.050071844
244,0.050224589
245,0.050296183
246,0.050385263
247,0.050113729
248,0.050372374
249,0.050105956
250,0.050304842
251,0.050702443
252,0.050428600
253,0.050222129
254,0.050513290
