0,0.031278018
1,0.027764984
2,0.028263018
3,0.028501263
4,0.029056687
5,0.029228958
6,0.029562732
7,0.029714615
8,0.029581186
9,0.029841409
10,0.030433210
11,0.030498774
12,0.030002185
13,0.030503390
14,0.031388249
15,0.030778895
16,0.031151376
17,0.030594581
18,0.031525063
19,0.030849822
20,0.031149127
21,0.031033262
22,0.030683918
23,0.030937718
24,0.030844981
25,0.030792743
26,0.030993359
27,0.030685858
28,0.030331044
29,0.030682105
30,0.030287615
31,0.030185948
32,0.030617514
33,0.030710384
34,0.030715854
35,0.030735549
36,0.030761737
37,0.031059074
38,0.030868413
39,0.030678492
40,0.030751513
41,0.031346482
42,0.031295477
43,0.031245737
44,0.030591890
45,0.031187943
46,0.030701262
47,0.031449963
48,0.030956814
49,0.030785801
50,0.031105162
51,0.031007163
52,0.031182382
53,0.032255411
54,0.031302977
55,0.030904689
56,0.030664603
57,0.030409895
58,0.030875469
59,0.031417767
60,0.031615390
61,0.031177602
62,0.031048936
63,0.031174340
64,0.030800565
65,0.030722676
66,0.030138642
67,0.029773810
68,0.030622311
69,0.031102972
70,0.031214241
71,0.031153845
72,0.030962837
73,0.030603805
74,0.030839748
75,0.031303838
76,0.031433591
77,0.031084775
78,0.030614443
79,0.030251006
80,0.030220907
81,0.031080481
82,0.031109813
83,0.030695806
84,0.030912337
85,0.031076306
86,0.030600219
87,0.031049444
88,0.031111946
89,0.030337712
90,0.030780222
91,0.030207289
92,0.030257552
93,0.030723347
94,0.030363255
95,0.030527489
96,0.031683357
97,0.030949781
98,0.030551878
99,0.031197517
100,0.030553204
101,0.030891071
102,0.030536366
103,0.031127282
104,0.031035988
105,0.030934089
106,0.031114039
107,0.030890588
108,0.031259635
109,0.031028451
110,0.030756189
111,0.030539085
112,0.030760076
113,0.030701413
114,0.030959439
115,0.031675131
116,0.031564535
117,0.031172513
118,0.030598646
119,0.030503403
120,0.031180724
121,0.030344268
122,0.030777447
123,0.031147226
124,0.031115100
125,0.031049689
126,0.030442344
127,0.030514092
128,0.032921805
129,0.031373144
130,0.031540881
131,0.033026238
132,0.031391944
133,0.031032037
134,0.031258822
135,0.030940395
136,0.031358671
137,0.032470484
138,0.031298504
139,0.031030711
140,0.031471959
141,0.031215057
142,0.031037105
143,0.030705286
144,0.031036573
145,0.030992996
146,0.030999565
147,0.031151989
148,0.031203460
149,0.031416255
150,0.031153783
151,0.030916869
152,0.031195731
153,0.031349587
154,0.031343917
155,0.031162475
156,0.031162513
157,0.031047257
158,0.031458662
159,0.031410927
160,0.031151776
161,0.030871520
162,0.031421069
163,0.031217260
164,0.031114546
165,0.031006635
166,0.031374192
167,0.031297565
168,0.031177582
169,0.030987265
170,0.031567192
171,0.031529633
172,0.030564218
173,0.031563076
174,0.031334769
175,0.031451466
176,0.030837308
177,0.031001619
178,0.030984807
179,0.031367871
180,0.031687644
181,0.031299104
182,0.031047842
183,0.031497618
184,0.031470484
185,0.031330672
186,0.031134558
187,0.031075719
188,0.031122607
189,0.032042595
190,0.031434952
191,0.031841154
192,0.031393969
193,0.031159653
194,0.031462153
195,0.032065893
196,0.031025321
197,0.031618854
198,0.031231497
199,0.031425609
200,0.031331227
201,0.031280860
202,0.031758797
203,0.033713763
204,0.031440612
205,0.031505753
206,0.031695688
207,0.032546630
208,0.031341146
209,0.031455079
210,0.032112268
211,0.031521465
212,0.031310534
213,0.031805641
214,0.031978643
215,0.031817618
216,0.031818928
217,0.031615172
218,0.031601795
219,0.031574419
220,0.031048079
221,0.031724432
222,0.031068018
223,0.031147740
224,0.031726932
225,0.031365386
226,0.031430122
227,0.031576495
228,0.031681522
229,0.031717137
230,0.031767169
231,0.031207123
232,0.031235843
233,0.030927776
234,0.031676487
235,0.031395259
236,0.031818582
237,0.031790582
238,0.031568274
239,0.031541209
240,0.031195876
241,0.031671097
242,0.031663561
243,0.031488898
244,0.031301911
245,0.031566754
246,0.031573783
247,0.031589569
248,0.032616135
249,0.033384827
250,0.032150541
251,0.031842759
252,0.031843542
253,0.031425113
254,0.031766015
