0,0.031639646
1,0.025884679
2,0.025752401
3,0.026213596
4,0.026194774
5,0.026846454
6,0.027453048
7,0.027421755
8,0.028030484
9,0.027628464
10,0.027247692
11,0.027783142
12,0.027479750
13,0.027350842
14,0.027612347
15,0.027496490
16,0.027884802
17,0.027871801
18,0.027989628
19,0.028068937
20,0.027828485
21,0.027504793
22,0.027935978
23,0.027862072
24,0.028292942
25,0.028285360
26,0.028166643
27,0.028000300
28,0.027680639
29,0.028043025
30,0.028046317
31,0.027988125
32,0.028279213
33,0.027874287
34,0.027742103
35,0.028435700
36,0.028360576
37,0.028181202
38,0.028054056
39,0.028406358
40,0.028505326
41,0.028580829
42,0.028409970
43,0.028543600
44,0.030276155
45,0.028255783
46,0.028285852
47,0.029122350
48,0.028368683
49,0.028326624
50,0.028255138
51,0.028167420
52,0.028605848
53,0.028653451
54,0.029371948
55,0.028581014
56,0.028220218
57,0.028082241
58,0.028209192
59,0.028446611
60,0.028119929
61,0.028441958
62,0.028276716
63,0.029091204
64,0.027861332
65,0.028085082
66,0.028250223
67,0.028511599
68,0.028533830
69,0.027903503
70,0.028838548
71,0.028015675
72,0.027732491
73,0.028152505
74,0.028881416
75,0.027967670
76,0.027325021
77,0.027647730
78,0.029111897
79,0.028587628
80,0.028464962
81,0.030514874
82,0.029488073
83,0.029253719
84,0.028521710
85,0.028289885
86,0.028353211
87,0.028697025
88,0.028455182
89,0.028187617
90,0.028392347
91,0.028737527
92,0.028797927
93,0.028403443
94,0.028345039
95,0.028703008
96,0.028719340
97,0.028452487
98,0.028560677
99,0.028197019
100,0.027937834
101,0.028427530
102,0.028250627
103,0.028516251
104,0.028420297
105,0.028293764
106,0.028535184
107,0.028731245
108,0.028433531
109,0.028632332
110,0.028704257
111,0.028367493
112,0.028207792
113,0.028167986
114,0.028430059
115,0.028446865
116,0.028546604
117,0.028844074
118,0.027891851
119,0.028070665
120,0.028128796
121,0.028531564
122,0.028584600
123,0.028448890
124,0.028343921
125,0.028009979
126,0.027432760
127,0.027709773
128,0.027829817
129,0.028534770
130,0.028219220
131,0.029734064
132,0.029072049
133,0.028504174
134,0.028566583
135,0.027882608
136,0.027979753
137,0.028631461
138,0.029842969
139,0.028394232
140,0.028175442
141,0.029023453
142,0.028248523
143,0.028533976
144,0.028711016
145,0.028558746
146,0.028799428
147,0.028058991
148,0.028301330
149,0.028360888
150,0.028444680
151,0.028737978
152,0.028414487
153,0.028122279
154,0.028097145
155,0.028000116
156,0.028121449
157,0.028520925
158,0.028596545
159,0.027913673
160,0.027791157
161,0.028437174
162,0.028758579
163,0.028355579
164,0.028503830
165,0.028265420
166,0.027836428
167,0.028843576
168,0.028109173
169,0.028138221
170,0.028371444
171,0.028042770
172,0.028279846
173,0.028679533
174,0.028621462
175,0.028719137
176,0.028488718
177,0.027679308
178,0.028152541
179,0.028162756
180,0.028599774
181,0.028222228
182,0.028713208
183,0.028036133
184,0.028242161
185,0.028683825
186,0.028003627
187,0.028190441
188,0.028147235
189,0.028316563
190,0.028455819
191,0.028631504
192,0.028833772
193,0.028021841
194,0.028187235
195,0.027914950
196,0.028045340
197,0.028481787
198,0.028601040
199,0.028559553
200,0.028583582
201,0.028454888
202,0.028880921
203,0.028388341
204,0.028409679
205,0.028660401
206,0.028585319
207,0.028303309
208,0.028363824
209,0.028206118
210,0.028276053
211,0.028025664
212,0.028188313
213,0.028002735
214,0.028245278
215,0.028441855
216,0.028561613
217,0.028502154
218,0.028242866
219,0.028049084
220,0.027849106
221,0.028609544
222,0.029036181
223,0.029260265
224,0.028997320
225,0.028753978
226,0.028196908
227,0.028384359
228,0.029013425
229,0.028339929
230,0.028513314
231,0.028574386
232,0.028696955
233,0.028637888
234,0.028783247
235,0.028747668
236,0.029465135
237,0.028720895
238,0.027988963
239,0.028749674
240,0.029135364
241,0.028935490
242,0.028863143
243,0.028337937
244,0.028701766
245,0.028652382
246,0.028615778
247,0.028658381
248,0.028945265
249,0.028265992
250,0.028695381
251,0.028806057
252,0.028622262
253,0.028230724
254,0.028738679
