0,0.045032148
1,0.040574971
2,0.041030696
3,0.041734619
4,0.041646300
5,0.042076138
6,0.042217441
7,0.042352037
8,0.042041261
9,0.041843667
10,0.042268697
11,0.042490774
12,0.042811855
13,0.042383595
14,0.042617694
15,0.042093318
16,0.042792501
17,0.042936646
18,0.042132211
19,0.042308036
20,0.042447375
21,0.042400664
22,0.042664928
23,0.042699354
24,0.042523921
25,0.042195475
26,0.042783593
27,0.043041907
28,0.042910306
29,0.042804770
30,0.042829821
31,0.042979279
32,0.042961051
33,0.042719313
34,0.042551335
35,0.042914102
36,0.042841581
37,0.043027307
38,0.042900669
39,0.042925867
40,0.042623065
41,0.042797648
42,0.043145096
43,0.042905921
44,0.042749978
45,0.042891770
46,0.042829941
47,0.042951236
48,0.042771291
49,0.043185690
50,0.042561030
51,0.042981492
52,0.042728449
53,0.043055443
54,0.042499451
55,0.042937087
56,0.042415044
57,0.042707768
58,0.042990417
59,0.043118947
60,0.043014586
61,0.042957155
62,0.042972535
63,0.042813362
64,0.042790701
65,0.042974771
66,0.043106388
67,0.043021023
68,0.043777300
69,0.043217101
70,0.043292253
71,0.043420118
72,0.043423219
73,0.043071627
74,0.043454005
75,0.043354161
76,0.043417773
77,0.043191698
78,0.043755424
79,0.043444864
80,0.043528720
81,0.043614114
82,0.043807652
83,0.043954052
84,0.043952658
85,0.043568494
86,0.043468736
87,0.044020758
88,0.043390225
89,0.043381319
90,0.043755647
91,0.043428433
92,0.043827524
93,0.043437233
94,0.043618395
95,0.043473800
96,0.043756060
97,0.043275672
98,0.043385469
99,0.043344774
100,0.043533442
101,0.043772927
102,0.043283210
103,0.043363198
104,0.043335217
105,0.043559903
106,0.043271046
107,0.043596512
108,0.043545810
109,0.043682584
110,0.043851440
111,0.043436285
112,0.043482047
113,0.043269052
114,0.043328965
115,0.043098109
116,0.043284388
117,0.043167468
118,0.043535902
119,0.043524156
120,0.043448973
121,0.043490495
122,0.043492922
123,0.043335297
124,0.043941979
125,0.043333385
126,0.043740210
127,0.043597405
128,0.043944154
129,0.044361886
130,0.044084677
131,0.043957405
132,0.044020303
133,0.043774917
134,0.044122557
135,0.044323043
136,0.044077817
137,0.044087032
138,0.044414847
139,0.044195982
140,0.043796759
141,0.043934567
142,0.043852042
143,0.043727714
144,0.043384229
145,0.043878679
146,0.044149355
147,0.044469377
148,0.044094677
149,0.044466954
150,0.044586965
151,0.044163972
152,0.044261129
153,0.044619338
154,0.043804550
155,0.043668998
156,0.044077194
157,0.044135184
158,0.044360970
159,0.043826189
160,0.044729167
161,0.044422779
162,0.044545436
163,0.044220290
164,0.043995181
165,0.043857412
166,0.043784361
167,0.043988552
168,0.043772358
169,0.043912985
170,0.043980284
171,0.044031621
172,0.044393658
173,0.044127118
174,0.044156655
175,0.044294684
176,0.044258920
177,0.044241043
178,0.044204514
179,0.044163049
180,0.043622806
181,0.044371391
182,0.044118701
183,0.044069907
184,0.044046791
185,0.044215108
186,0.044138139
187,0.044141406
188,0.044166068
189,0.044125123
190,0.043950992
191,0.044114123
192,0.044063119
193,0.044322007
194,0.044419287
195,0.044556202
196,0.044266910
197,0.044352253
198,0.043891928
199,0.044626078
200,0.044446250
201,0.044201415
202,0.044083994
203,0.044274112
204,0.044259362
205,0.044458902
206,0.044025211
207,0.044134584
208,0.044095343
209,0.044102625
210,0.043992421
211,0.044287606
212,0.044041541
213,0.044344314
214,0.044182584
215,0.044042614
216,0.044455040
217,0.044242346
218,0.044101481
219,0.044261108
220,0.044201073
221,0.044546269
222,0.044141997
223,0.044467100
224,0.044226176
225,0.044197139
226,0.043845942
227,0.043812483
228,0.044190210
229,0.044380131
230,0.044075067
231,0.044160679
232,0.043999875
233,0.044266822
234,0.043978996
235,0.044155698
236,0.044204252
237,0.044727228
238,0.044280354
239,0.044147631
240,0.044194184
241,0.044089366
242,0.044056509
243,0.044026734
244,0.044388239
245,0.044295209
246,0.044437141
247,0.044516867
248,0.044443613
249,0.044070021
250,0.044125486
251,0.044477029
252,0.044302780
253,0.043816549
254,0.044128820
