0,0.046790296
1,0.044228658
2,0.044820496
3,0.045283699
4,0.045107450
5,0.045634488
6,0.045619221
7,0.045752422
8,0.045593162
9,0.045802749
10,0.045942234
11,0.046063567
12,0.046115880
13,0.045946079
14,0.046069647
15,0.045719207
16,0.045596432
17,0.046300146
18,0.045923088
19,0.045912339
20,0.046149407
21,0.045797322
22,0.046507132
23,0.046210684
24,0.045922199
25,0.046691414
26,0.046205104
27,0.046228255
28,0.046254280
29,0.046207719
30,0.046039396
31,0.046205998
32,0.046078284
33,0.046059045
34,0.045844914
35,0.046212100
36,0.046565940
37,0.046424356
38,0.046603762
39,0.046283013
40,0.046400539
41,0.046754029
42,0.046293734
43,0.046147921
44,0.046225548
45,0.046611693
46,0.046201919
47,0.046541688
48,0.046529508
49,0.046551707
50,0.046396293
51,0.046024720
52,0.046672657
53,0.046424022
54,0.046162092
55,0.046618798
56,0.046895351
57,0.046720098
58,0.046843652
59,0.047539497
60,0.047088516
61,0.047232644
62,0.046941171
63,0.046878524
64,0.047108507
65,0.047296291
66,0.046788158
67,0.047049348
68,0.047244542
69,0.047321537
70,0.046618827
71,0.047508997
72,0.046963011
73,0.046892211
74,0.046879800
75,0.046846895
76,0.047007736
77,0.046940801
78,0.046657177
79,0.046808114
80,0.046868723
81,0.046864399
82,0.047066742
83,0.047602528
84,0.046841096
85,0.046876499
86,0.047207467
87,0.046999841
88,0.046888508
89,0.047476504
90,0.047296933
91,0.047291929
92,0.046717811
93,0.047311858
94,0.047071847
95,0.047195370
96,0.046908430
97,0.047297276
98,0.047163854
99,0.047013902
100,0.047295041
101,0.047458658
102,0.046856685
103,0.047002012
104,0.046991008
105,0.047571218
106,0.046769311
107,0.046624528
108,0.046558605
109,0.046699810
110,0.046842034
111,0.046440355
112,0.046942154
113,0.047261930
114,0.046773126
115,0.046789189
116,0.047074672
117,0.047201080
118,0.047169848
119,0.047504140
120,0.046931142
121,0.046962119
122,0.047629646
123,0.047137663
124,0.046797706
125,0.046968087
126,0.046605825
127,0.046672434
128,0.047040996
129,0.047369717
130,0.046975965
131,0.047116851
132,0.047229400
133,0.047150958
134,0.047185662
135,0.047409658
136,0.046925282
137,0.047355526
138,0.047398240
139,0.047130296
140,0.047172819
141,0.047481916
142,0.047290174
143,0.047373389
144,0.047421108
145,0.047080612
146,0.046846851
147,0.047112252
148,0.047215252
149,0.046915255
150,0.047050243
151,0.046932707
152,0.047121523
153,0.047090989
154,0.047150673
155,0.047328236
156,0.047242724
157,0.047495961
158,0.047304530
159,0.047102301
160,0.047528931
161,0.047323312
162,0.047269889
163,0.047195101
164,0.047441699
165,0.047947818
166,0.047181619
167,0.047365482
168,0.047630798
169,0.047483168
170,0.047515996
171,0.047552273
172,0.047451662
173,0.047345393
174,0.047060618
175,0.047104835
176,0.047093345
177,0.047115047
178,0.047268242
179,0.047849679
180,0.047070881
181,0.046944470
182,0.047582445
183,0.047416541
184,0.047573809
185,0.047526937
186,0.047367989
187,0.047388429
188,0.047228473
189,0.047055816
190,0.047281119
191,0.047454441
192,0.047246202
193,0.047706502
194,0.047559433
195,0.047520910
196,0.047367825
197,0.047598279
198,0.047684401
199,0.047548110
200,0.047603420
201,0.047609850
202,0.047625220
203,0.047130814
204,0.047753360
205,0.047226755
206,0.047149036
207,0.047656601
208,0.047653828
209,0.047549974
210,0.047708629
211,0.047399289
212,0.047304277
213,0.047387880
214,0.047225544
215,0.047475860
216,0.047694426
217,0.047486542
218,0.047602700
219,0.047571486
220,0.047456525
221,0.047403794
222,0.047400654
223,0.047410853
224,0.047541934
225,0.047422264
226,0.047233237
227,0.047225704
228,0.047294133
229,0.047558127
230,0.047248618
231,0.047486459
232,0.047276060
233,0.047312401
234,0.047254809
235,0.047322938
236,0.047686322
237,0.047714916
238,0.047568851
239,0.047086080
240,0.047053947
241,0.047128988
242,0.047599328
243,0.047176418
244,0.047128587
245,0.047332740
246,0.047693176
247,0.047422596
248,0.047387126
249,0.047970328
250,0.047278410
251,0.047519446
252,0.047270492
253,0.047441973
254,0.047439246
