0,0.035227862
1,0.031905548
2,0.033220806
3,0.032297329
4,0.032860125
5,0.033191549
6,0.033991728
7,0.034131130
8,0.034662028
9,0.034490612
10,0.034229998
11,0.034809745
12,0.034712324
13,0.034846699
14,0.036765927
15,0.035162555
16,0.035341164
17,0.035452294
18,0.035228979
19,0.035292663
20,0.035046118
21,0.035044227
22,0.034440045
23,0.034885969
24,0.035419757
25,0.035355454
26,0.035104147
27,0.035285678
28,0.035409117
29,0.035551526
30,0.035337025
31,0.035461090
32,0.035666055
33,0.035381234
34,0.035972969
35,0.035554462
36,0.037027087
37,0.036582059
38,0.036003484
39,0.035816721
40,0.036089435
41,0.036114614
42,0.036181952
43,0.036039881
44,0.035843396
45,0.036056622
46,0.035688617
47,0.036055416
48,0.036043061
49,0.037021784
50,0.036163615
51,0.036553072
52,0.036329978
53,0.035991902
54,0.036542855
55,0.036359050
56,0.036027314
57,0.036004098
58,0.035900287
59,0.036459167
60,0.035880752
61,0.035900093
62,0.035746684
63,0.036337361
64,0.036165135
65,0.036697644
66,0.036212104
67,0.036454865
68,0.035744023
69,0.036088978
70,0.036120088
71,0.036248717
72,0.035895819
73,0.036746504
74,0.036766512
75,0.035933368
76,0.036223894
77,0.036570229
78,0.036074504
79,0.036567791
80,0.036711452
81,0.036784839
82,0.036541139
83,0.036575640
84,0.036833192
85,0.036478845
86,0.036688610
87,0.036337408
88,0.036482523
89,0.036387990
90,0.036227224
91,0.036541279
92,0.036458789
93,0.036660976
94,0.036800131
95,0.036590505
96,0.036837930
97,0.036992019
98,0.036799975
99,0.036693705
100,0.036828957
101,0.036431922
102,0.036755032
103,0.036864554
104,0.036987438
105,0.036651392
106,0.036584312
107,0.037010369
108,0.036405335
109,0.037314027
110,0.037196522
111,0.037210868
112,0.037098556
113,0.037104484
114,0.037334314
115,0.037382521
116,0.037160811
117,0.037125539
118,0.037538239
119,0.037341504
120,0.037424672
121,0.037761669
122,0.037472275
123,0.036969593
124,0.038428826
125,0.037749792
126,0.038726191
127,0.038037767
128,0.037850578
129,0.037657369
130,0.037837647
131,0.038612976
132,0.037181687
133,0.037077247
134,0.037130632
135,0.037301568
136,0.037436662
137,0.037732013
138,0.036923175
139,0.037377251
140,0.037495019
141,0.036996264
142,0.036908982
143,0.037021400
144,0.037029157
145,0.037037340
146,0.037896028
147,0.037172886
148,0.037917568
149,0.037384490
150,0.037569870
151,0.037856794
152,0.037013615
153,0.037421581
154,0.037589853
155,0.037561652
156,0.036773648
157,0.037234824
158,0.037535421
159,0.037884935
160,0.037531350
161,0.037560245
162,0.037798475
163,0.037246994
164,0.037583612
165,0.037093438
166,0.037306142
167,0.038100864
168,0.037797857
169,0.038012385
170,0.037916036
171,0.037929372
172,0.037540958
173,0.037608306
174,0.037996398
175,0.038029633
176,0.037732327
177,0.037282325
178,0.037576232
179,0.038038310
180,0.038079379
181,0.037532802
182,0.037489110
183,0.037896258
184,0.037555782
185,0.037555972
186,0.037791946
187,0.037846762
188,0.037914714
189,0.037776881
190,0.037776027
191,0.038133916
192,0.037774167
193,0.037655511
194,0.038063388
195,0.037556802
196,0.037829911
197,0.037913698
198,0.037660132
199,0.037418371
200,0.037422309
201,0.037435996
202,0.036894723
203,0.037037040
204,0.037101219
205,0.037282577
206,0.037667528
207,0.037842204
208,0.037332058
209,0.037278067
210,0.037992196
211,0.037421924
212,0.037751053
213,0.037792269
214,0.037433142
215,0.037586463
216,0.037701454
217,0.038210397
218,0.037758189
219,0.038040224
220,0.037524624
221,0.037987701
222,0.037450516
223,0.037743171
224,0.037544169
225,0.038043276
226,0.038344668
227,0.038375967
228,0.038209921
229,0.037981021
230,0.037781358
231,0.037675479
232,0.037899416
233,0.037713855
234,0.037885904
235,0.037895215
236,0.037914638
237,0.038035827
238,0.037615249
239,0.037790856
240,0.038803535
241,0.038151478
242,0.038161435
243,0.037643667
244,0.038102799
245,0.037829338
246,0.037659592
247,0.037921721
248,0.037756175
249,0.037865591
250,0.037859867
251,0.037730656
252,0.037490268
253,0.037292592
254,0.037535072
