0,0.049558163
1,0.048723459
2,0.048373699
3,0.048363209
4,0.048839808
5,0.048374176
6,0.048363209
7,0.048588753
8,0.049071074
9,0.048594952
10,0.048595428
11,0.048647642
12,0.049252272
13,0.048534632
14,0.048620701
15,0.048606396
16,0.048600912
17,0.048618793
18,0.048599720
19,0.048625469
20,0.048627853
21,0.048596859
22,0.048622131
23,0.048586130
24,0.048594713
25,0.048615217
26,0.048613310
27,0.048630476
28,0.048609734
29,0.048593521
30,0.048593760
31,0.048669338
32,0.048592091
33,0.048595190
34,0.048550606
35,0.048563719
36,0.048540115
37,0.048573494
38,0.048560619
39,0.048556328
40,0.048597336
41,0.048592329
42,0.048639059
43,0.048621416
44,0.048601389
45,0.048581362
46,0.048609495
47,0.048621655
48,0.048632383
49,0.048623085
50,0.048590183
51,0.048638105
52,0.048665047
53,0.048674583
54,0.048629284
55,0.048627138
56,0.048687696
57,0.048613071
58,0.048659801
59,0.048615932
60,0.048678160
61,0.048686743
62,0.048648596
63,0.048660278
64,0.048647881
65,0.048671961
66,0.048685312
67,0.048667669
68,0.048686504
69,0.048667431
70,0.048678398
71,0.048716307
72,0.048698664
73,0.048739672
74,0.048733711
75,0.048696995
76,0.048687696
77,0.048706055
78,0.048707247
79,0.048750162
80,0.048730373
81,0.048750639
82,0.048718929
83,0.048732042
84,0.048868656
85,0.048896551
86,0.048883200
87,0.049223423
88,0.048808575
89,0.048798800
90,0.048792601
91,0.048775911
92,0.048775673
93,0.048809052
94,0.048865795
95,0.048837423
96,0.048827648
97,0.048822165
98,0.048785925
99,0.048857450
100,0.048860312
101,0.048842192
102,0.048865557
103,0.048888922
104,0.048864126
105,0.048867941
106,0.048845291
107,0.048892736
108,0.048894882
109,0.048886299
110,0.048874378
111,0.048900366
112,0.048998117
113,0.049017668
114,0.048977137
115,0.048924208
116,0.048950434
117,0.048974276
118,0.048946857
119,0.048989773
120,0.048959494
121,0.048961401
122,0.048906088
123,0.048953533
124,0.048938751
125,0.048981190
126,0.048958540
