0,0.059863091
1,0.058252573
2,0.058152437
3,0.058103800
4,0.058079243
5,0.058068037
6,0.058154106
7,0.058546305
8,0.058170557
9,0.058233500
10,0.058150530
11,0.058311701
12,0.058262825
13,0.058350563
14,0.058319330
15,0.058498144
16,0.058720350
17,0.058781862
18,0.058733225
19,0.058559179
20,0.058351517
21,0.058315277
22,0.058488607
23,0.058581829
24,0.058403730
25,0.058586597
26,0.058547974
27,0.058326960
28,0.058327913
29,0.058333635
30,0.058524609
31,0.058539391
32,0.058312893
33,0.058543682
34,0.058756590
35,0.058534145
36,0.058416843
37,0.060928822
38,0.058606863
39,0.058300495
40,0.058531284
41,0.058524370
42,0.058584452
43,0.058474302
44,0.058322430
45,0.058187485
46,0.058329582
47,0.058602810
48,0.058570147
49,0.058582544
50,0.058664322
51,0.058794022
52,0.058598518
53,0.058619738
54,0.058656931
55,0.058446407
56,0.058378458
57,0.058523417
58,0.058826447
59,0.058908939
60,0.058644772
61,0.058425188
62,0.058469534
63,0.058981419
64,0.058729649
65,0.058487177
66,0.058473825
67,0.058893442
68,0.059071541
69,0.058943510
70,0.058765173
71,0.058892012
72,0.058912754
73,0.058708668
74,0.058559179
75,0.058843851
76,0.058843613
77,0.058617353
78,0.058577538
79,0.058775902
80,0.059052229
81,0.058912039
82,0.058605671
83,0.058800697
84,0.059085369
85,0.059109688
86,0.059089422
87,0.059139729
88,0.058911562
89,0.058691502
90,0.058913946
91,0.059209824
92,0.059019804
93,0.058989525
94,0.059184790
95,0.058974504
96,0.058978081
97,0.059020042
98,0.059069872
99,0.059040546
100,0.059082031
101,0.059087515
102,0.059119463
103,0.059115648
104,0.059100866
105,0.058969259
106,0.059252262
107,0.059425354
108,0.059154034
109,0.059181452
110,0.059176207
111,0.059104443
112,0.059183121
113,0.059279442
114,0.059232712
115,0.059265614
116,0.059273005
117,0.059331179
118,0.059321165
119,0.059377670
120,0.059180498
121,0.059309721
122,0.059318066
123,0.059412718
124,0.059569597
125,0.059576988
126,0.059282303
