0,0.048647881
1,0.047846556
2,0.047666073
3,0.047654152
4,0.047659874
5,0.047626257
6,0.047998667
7,0.047640562
8,0.047574043
9,0.047559023
10,0.047598600
11,0.047617435
12,0.047648907
13,0.047647953
14,0.047660112
15,0.047655106
16,0.047647238
17,0.047690392
18,0.047739506
19,0.047888756
20,0.047881842
21,0.047892094
22,0.047832251
23,0.047771454
24,0.047740936
25,0.047725201
26,0.047734737
27,0.047697783
28,0.047682047
29,0.047673225
30,0.047684193
31,0.047664642
32,0.047680616
33,0.047692776
34,0.047700644
35,0.047734499
36,0.047757864
37,0.047809601
38,0.047748566
39,0.047767162
40,0.047790527
41,0.047840595
42,0.047865391
43,0.047867537
44,0.047888756
45,0.047889233
46,0.047834158
47,0.047811031
48,0.047821760
49,0.047819853
50,0.047909975
51,0.047836304
52,0.047858477
53,0.047845602
54,0.047818184
55,0.047832012
56,0.047854424
57,0.047832012
58,0.047878504
59,0.047895908
60,0.047879219
61,0.047881126
62,0.047873735
63,0.047866583
64,0.047926903
65,0.047878027
66,0.047889948
67,0.047913551
68,0.047898054
69,0.047936201
70,0.047896385
71,0.047935963
72,0.047945261
73,0.047965050
74,0.047962189
75,0.047994137
76,0.047939777
77,0.047955036
78,0.047931433
79,0.047941208
80,0.047972441
81,0.047996759
82,0.048025370
83,0.048002720
84,0.047997952
85,0.047988892
86,0.048012257
87,0.048035622
88,0.048025846
89,0.048000813
90,0.048012972
91,0.048049212
92,0.048061132
93,0.048035145
94,0.048078537
95,0.048051596
96,0.048096180
97,0.048091888
98,0.048094034
99,0.048116207
100,0.048107386
101,0.048113346
102,0.048116207
103,0.048151493
104,0.048086405
105,0.048143387
106,0.048123360
107,0.048116207
108,0.048148394
109,0.048131227
110,0.048172951
111,0.048117161
112,0.048139334
113,0.048173666
114,0.048167467
115,0.048205853
116,0.048188925
117,0.048241138
118,0.048178911
119,0.048216581
120,0.048222542
121,0.048227072
122,0.048253536
123,0.048270464
124,0.048258543
125,0.048281193
126,0.048271179
