0,0.060262203
1,0.058602810
2,0.058626890
3,0.058515310
4,0.058596849
5,0.058660269
6,0.058634043
7,0.059204578
8,0.058747530
9,0.058705807
10,0.058780670
11,0.059162617
12,0.058945179
13,0.059007883
14,0.059053421
15,0.059081793
16,0.059148073
17,0.059192419
18,0.059018612
19,0.059017897
20,0.059070349
21,0.059325933
22,0.059745789
23,0.058958292
24,0.059096098
25,0.059098959
26,0.059014320
27,0.059217691
28,0.059371710
29,0.058967352
30,0.059205532
31,0.059246302
32,0.059054375
33,0.059032440
34,0.058975458
35,0.059070587
36,0.059305429
37,0.059289932
38,0.059048653
39,0.058969498
40,0.058968067
41,0.059057236
42,0.059234381
43,0.059078693
44,0.058914185
45,0.058969736
46,0.059123278
47,0.059152603
48,0.059112072
49,0.059240103
50,0.059200764
51,0.060148954
52,0.059628248
53,0.059455156
54,0.059302330
55,0.059215784
56,0.059374332
57,0.059167862
58,0.059215307
59,0.059346437
60,0.059115648
61,0.059231281
62,0.059345007
63,0.059426546
64,0.059469700
65,0.059225798
66,0.059213400
67,0.059467554
68,0.059422970
69,0.059600592
70,0.059699297
71,0.059428215
72,0.059407949
73,0.059482574
74,0.059510708
75,0.059557915
76,0.059250116
77,0.059297323
78,0.059555531
79,0.059397459
80,0.059503794
81,0.059604406
82,0.059595585
83,0.059451580
84,0.059668541
85,0.059588909
86,0.059871674
87,0.059452534
88,0.059732914
89,0.059822798
90,0.059881449
91,0.059740067
92,0.059748411
93,0.059518576
94,0.059599638
95,0.059695005
96,0.059759617
97,0.059763193
98,0.059781790
99,0.059649944
100,0.059635878
101,0.059820890
102,0.059981108
103,0.059918404
104,0.059890985
105,0.060070038
106,0.059949160
107,0.059711456
108,0.059643984
109,0.059743166
110,0.059781075
111,0.059791565
112,0.060080290
113,0.059878826
114,0.059681416
115,0.059997559
116,0.059804916
117,0.059958220
118,0.060116768
119,0.059803247
120,0.059829235
121,0.060113192
122,0.060322046
123,0.060195208
124,0.060053587
125,0.060137987
126,0.060045719
