0,0.047502756
1,0.047435045
2,0.046614170
3,0.046633482
4,0.046597004
5,0.046545267
6,0.046550512
7,0.046557665
8,0.046529055
9,0.046545744
10,0.046552658
11,0.046534300
12,0.046564102
13,0.046557426
14,0.046566010
15,0.046540260
16,0.046548843
17,0.046550512
18,0.046534538
19,0.046584129
20,0.046730042
21,0.046774864
22,0.046700239
23,0.046715498
24,0.046714783
25,0.046621084
26,0.046596289
27,0.046588421
28,0.046616793
29,0.046546459
30,0.046587467
31,0.046568871
32,0.046607494
33,0.046605349
34,0.046535492
35,0.046590328
36,0.046567440
37,0.046580553
38,0.046576262
39,0.046606779
40,0.046624422
41,0.046669006
42,0.046708584
43,0.046750069
44,0.046758175
45,0.046732187
46,0.046689749
47,0.046708107
48,0.046635628
49,0.046623945
50,0.046703100
51,0.046986103
52,0.046706438
53,0.046560526
54,0.046586752
55,0.046680689
56,0.046654463
57,0.046643257
58,0.046686649
59,0.046670914
60,0.046712637
61,0.046699762
62,0.046722174
63,0.046692371
64,0.046694279
65,0.046741962
66,0.046688795
67,0.046742201
68,0.046735048
69,0.046736717
70,0.046707630
71,0.046699286
72,0.046738148
73,0.046723127
74,0.046741247
75,0.046746254
76,0.046742201
77,0.046752930
78,0.046711922
79,0.046742439
80,0.046751499
81,0.046726227
82,0.046709538
83,0.046761513
84,0.046748400
85,0.046777964
86,0.046789646
87,0.046763659
88,0.046768188
89,0.046764374
90,0.046791553
91,0.046781540
92,0.046778202
93,0.046795368
94,0.046821356
95,0.046815157
96,0.046835184
97,0.046791315
98,0.046833754
99,0.046772480
100,0.046813011
101,0.046810389
102,0.046833754
103,0.046821833
104,0.046845436
105,0.046818733
106,0.046828985
107,0.046857357
108,0.046826363
109,0.046857357
110,0.046853304
111,0.046831608
112,0.046856642
113,0.046853065
114,0.046894073
115,0.046836853
116,0.046872854
117,0.046867847
118,0.046844482
119,0.046853781
120,0.046909571
121,0.046918631
122,0.046892405
123,0.046907187
124,0.046928883
125,0.046891928
126,0.046883821
