0,0.051923513
1,0.050694466
2,0.050580502
3,0.050539494
4,0.050462484
5,0.050457478
6,0.050462008
7,0.050775051
8,0.050611019
9,0.050529480
10,0.050573349
11,0.050738573
12,0.050687790
13,0.050752878
14,0.050767422
15,0.050737381
16,0.050781012
17,0.050849438
18,0.051054239
19,0.051107645
20,0.051008224
21,0.050946951
22,0.050810814
23,0.050803185
24,0.050765276
25,0.050724506
26,0.050733805
27,0.050747156
28,0.050747633
29,0.050699234
30,0.050716877
31,0.050735950
32,0.050775051
33,0.050774336
34,0.050784111
35,0.050817251
36,0.050778389
37,0.050956488
38,0.050935984
39,0.050985098
40,0.050912857
41,0.050930738
42,0.050885916
43,0.050885677
44,0.050853252
45,0.050849915
46,0.050791025
47,0.050776482
48,0.050870657
49,0.050885916
50,0.050836802
51,0.050825596
52,0.050812960
53,0.050837755
54,0.050836802
55,0.050883055
56,0.050930023
57,0.050978422
58,0.051048756
59,0.051075459
60,0.051091433
61,0.051036119
62,0.050992727
63,0.050990582
64,0.050994396
65,0.050956249
66,0.050939083
67,0.051140785
68,0.051079988
69,0.051026344
70,0.050959587
71,0.050943851
72,0.050914526
73,0.050952196
74,0.050953627
75,0.050969839
76,0.051080465
77,0.051176310
78,0.051179171
79,0.051217556
80,0.051214218
81,0.051117659
82,0.051113605
83,0.051145792
84,0.051155567
85,0.051136732
86,0.051134586
87,0.051078081
88,0.051087379
89,0.051132202
90,0.051187038
91,0.051119804
92,0.051105738
93,0.051124573
94,0.051189184
95,0.051208973
96,0.051254034
97,0.051321507
98,0.051379442
99,0.051274300
100,0.051250219
101,0.051365376
102,0.051371336
103,0.051349401
104,0.051287174
105,0.051289797
106,0.051313877
107,0.051307201
108,0.051234961
109,0.051239014
110,0.051265478
111,0.051266432
112,0.051295519
113,0.051365852
114,0.051382065
115,0.051429033
116,0.051527500
117,0.051528931
118,0.051521540
119,0.051488161
120,0.051463604
121,0.051446676
122,0.051559925
123,0.051472187
124,0.051493645
125,0.051458597
126,0.051529408
