0,0.058235407
1,0.056385756
2,0.056408644
3,0.056303024
4,0.056359053
5,0.056233168
6,0.056112051
7,0.056592941
8,0.056316614
9,0.056309938
10,0.056310177
11,0.056476593
12,0.056403875
13,0.056526661
14,0.056522369
15,0.056475878
16,0.056535006
17,0.056626081
18,0.056514502
19,0.056520939
20,0.056615829
21,0.056493521
22,0.056514025
23,0.056505680
24,0.056582689
25,0.056533098
26,0.056544304
27,0.056489944
28,0.056515217
29,0.056532145
30,0.056717396
31,0.056534290
32,0.056463718
33,0.056551456
34,0.056497812
35,0.056472540
36,0.056601048
37,0.056662321
38,0.056609392
39,0.056491375
40,0.056457996
41,0.056479454
42,0.056468725
43,0.056508541
44,0.056510687
45,0.056491613
46,0.056532621
47,0.056626320
48,0.056628466
49,0.057102680
50,0.056728840
51,0.056677341
52,0.056679964
53,0.056679964
54,0.056555510
55,0.056610823
56,0.056579113
57,0.056609154
58,0.056569576
59,0.056674004
60,0.056649208
61,0.056778431
62,0.056659698
63,0.056578636
64,0.056885242
65,0.056767702
66,0.056811571
67,0.056615829
68,0.056629419
69,0.056826591
70,0.056778669
71,0.056857347
72,0.056799650
73,0.056738138
74,0.056661367
75,0.056717873
76,0.056908369
77,0.056839228
78,0.057300806
79,0.056731939
80,0.056828976
81,0.056911230
82,0.056777000
83,0.056900501
84,0.056797028
85,0.056986094
86,0.056862116
87,0.056792736
88,0.056791544
89,0.057146311
90,0.057029724
91,0.056857347
92,0.056962252
93,0.057225227
94,0.057135344
95,0.056902409
96,0.056879520
97,0.057067633
98,0.056957722
99,0.057064295
100,0.057310104
101,0.057370901
102,0.057012081
103,0.056969166
104,0.056988716
105,0.057081938
106,0.057209015
107,0.057210207
108,0.057172537
109,0.057211399
110,0.057362318
111,0.057416916
112,0.057291508
113,0.057164192
114,0.057326078
115,0.057279110
116,0.057293653
117,0.057491779
118,0.057321787
119,0.057139397
120,0.057192087
121,0.057185888
122,0.057247400
123,0.057452202
124,0.057288170
125,0.057231665
126,0.057246208
