0,0.056727648
1,0.055148602
2,0.054727316
3,0.054702044
4,0.055284023
5,0.055084467
6,0.054784298
7,0.054918289
8,0.054623842
9,0.054875612
10,0.055251122
11,0.054966211
12,0.054892778
13,0.054973125
14,0.055001497
15,0.055173397
16,0.055363894
17,0.055140972
18,0.055424213
19,0.055230618
20,0.055230141
21,0.055074930
22,0.054987669
23,0.054983377
24,0.055103064
25,0.055285692
26,0.054891825
27,0.054806709
28,0.054751873
29,0.055122614
30,0.055042744
31,0.054763556
32,0.054754734
33,0.054935217
34,0.054948807
35,0.054978609
36,0.054823875
37,0.054873705
38,0.055180788
39,0.055015087
40,0.055571079
41,0.055100918
42,0.055381536
43,0.055204153
44,0.055314779
45,0.055342197
46,0.055343866
47,0.055343628
48,0.055305481
49,0.055160761
50,0.055142879
51,0.055342197
52,0.055088043
53,0.055168629
54,0.055373907
55,0.055234432
56,0.055531740
57,0.055443764
58,0.055266619
59,0.055389166
60,0.055512190
61,0.055474281
62,0.055371523
63,0.055290937
64,0.055399418
65,0.055437565
66,0.055386543
67,0.055474520
68,0.055558920
69,0.055532694
70,0.055376768
71,0.055368423
72,0.055428505
73,0.055383682
74,0.055462360
75,0.055462360
76,0.055348158
77,0.055440903
78,0.055508375
79,0.055612326
80,0.055539370
81,0.055368185
82,0.055171013
83,0.055511951
84,0.055572271
85,0.055674553
86,0.055664062
87,0.055700302
88,0.055509090
89,0.055437326
90,0.055280447
91,0.055610895
92,0.055469513
93,0.055413008
94,0.055667639
95,0.055637360
96,0.055609703
97,0.055600166
98,0.055656195
99,0.055621147
100,0.055685520
101,0.055817604
102,0.055599689
103,0.055750370
104,0.055681944
105,0.055684090
106,0.055684566
107,0.055690289
108,0.055672884
109,0.055623531
110,0.055607796
111,0.055660725
112,0.055671692
113,0.055722475
114,0.055909157
115,0.055789232
116,0.055752516
117,0.055756092
118,0.055701971
119,0.055702686
120,0.055806160
121,0.055865526
122,0.055695534
123,0.055758715
124,0.055752277
125,0.055776358
126,0.055767298
