0,0.049336672
1,0.048426390
2,0.048196077
3,0.048118353
4,0.048182964
5,0.048271418
6,0.048157692
7,0.048326969
8,0.048864365
9,0.048095226
10,0.048091650
11,0.048149824
12,0.048112869
13,0.048136711
14,0.048184633
15,0.048177481
16,0.048146009
17,0.048177719
18,0.048196316
19,0.048444033
20,0.048397303
21,0.048401833
22,0.048399687
23,0.048359394
24,0.048308372
25,0.048344374
26,0.048294067
27,0.048249483
28,0.048273325
29,0.048222780
30,0.048245430
31,0.048238993
32,0.048231363
33,0.048308134
34,0.048787355
35,0.048182487
36,0.048211575
37,0.048213005
38,0.048219681
39,0.048307896
40,0.048311710
41,0.048289776
42,0.048343182
43,0.048348427
44,0.048329115
45,0.048430443
46,0.048436880
47,0.048428774
48,0.048373938
49,0.048348665
50,0.048412085
51,0.048364162
52,0.048405170
53,0.048412800
54,0.048405409
55,0.048430204
56,0.048426867
57,0.048428297
58,0.048418522
59,0.048480988
60,0.048451662
61,0.048449755
62,0.048461676
63,0.048455000
64,0.048484325
65,0.048520565
66,0.048478127
67,0.048509598
68,0.048504591
69,0.048515797
70,0.048515797
71,0.048527718
72,0.048538446
73,0.048535109
74,0.048551798
75,0.048577309
76,0.048565626
77,0.048566341
78,0.048575878
79,0.048577309
80,0.048568487
81,0.048575878
82,0.048609972
83,0.048612595
84,0.048563480
85,0.048628092
86,0.048602104
87,0.048630714
88,0.048651695
89,0.048629761
90,0.048674345
91,0.048689127
92,0.048660755
93,0.048688412
94,0.048784018
95,0.049079895
96,0.048826218
97,0.048735380
98,0.048719406
99,0.048727989
100,0.048722267
101,0.048827410
102,0.048781872
103,0.048815966
104,0.048779249
105,0.048815966
106,0.048786402
107,0.048810244
108,0.048796892
109,0.048838139
110,0.048825979
111,0.048866034
112,0.048824787
113,0.048822403
114,0.048841000
115,0.048838854
116,0.048853159
117,0.048878670
118,0.048892736
119,0.048893690
120,0.048878670
121,0.048931599
122,0.048934460
123,0.048928738
124,0.048936129
125,0.048927307
126,0.048966169
