0,0.046006441
1,0.045193672
2,0.044959307
3,0.044941425
4,0.044901609
5,0.044885397
6,0.044855595
7,0.044857264
8,0.044861555
9,0.044821501
10,0.044869184
11,0.044854164
12,0.044916868
13,0.044874668
14,0.045000553
15,0.044845104
16,0.044835091
17,0.044886827
18,0.044864655
19,0.044860363
20,0.044830799
21,0.044866562
22,0.044888496
23,0.044887066
24,0.044862747
25,0.044868708
26,0.044890404
27,0.044889450
28,0.044864416
29,0.044849634
30,0.044922590
31,0.044906855
32,0.044846058
33,0.044886589
34,0.044887304
35,0.044852972
36,0.044845819
37,0.044854164
38,0.044892073
39,0.044895887
40,0.044874430
41,0.044895887
42,0.044871807
43,0.044842243
44,0.044897079
45,0.044867754
46,0.044868231
47,0.044883013
48,0.044885159
49,0.044854164
50,0.044865131
51,0.044953823
52,0.045358658
53,0.044872284
54,0.044856548
55,0.044884682
56,0.044880390
57,0.044983387
58,0.044892550
59,0.044885874
60,0.044875860
61,0.044908285
62,0.044878483
63,0.044861555
64,0.044876337
65,0.044935465
66,0.044889688
67,0.044914484
68,0.044902563
69,0.044938803
70,0.044890165
71,0.044914484
72,0.044874907
73,0.044901133
74,0.044884443
75,0.044853210
76,0.044913530
77,0.044919252
78,0.044908047
79,0.044882774
80,0.044900894
81,0.044886351
82,0.044923544
83,0.044937611
84,0.044867754
85,0.044903994
86,0.044913769
87,0.044878721
88,0.044912338
89,0.044873714
90,0.044893026
91,0.044880629
92,0.044884205
93,0.044918299
94,0.044899225
95,0.044876814
96,0.044894457
97,0.044882298
98,0.044930458
99,0.044937134
100,0.044873476
101,0.044906616
102,0.044912815
103,0.044939041
104,0.044910908
105,0.044947386
106,0.044940710
107,0.044986010
108,0.044931173
109,0.044920683
110,0.044905186
111,0.044942617
112,0.044925451
113,0.044863224
114,0.044958830
115,0.044881582
116,0.044900894
117,0.044884920
118,0.044904709
119,0.044911146
120,0.044883013
121,0.044914246
122,0.044944525
123,0.044920921
124,0.044951677
125,0.044917583
126,0.044956923
