0,0.057056427
1,0.055686951
2,0.055475950
3,0.055639505
4,0.055814743
5,0.055573225
6,0.055787325
7,0.055779219
8,0.055647135
9,0.055733442
10,0.055616617
11,0.055797577
12,0.055714130
13,0.055601835
14,0.055531979
15,0.055685282
16,0.055706501
17,0.056011915
18,0.055875540
19,0.055643320
20,0.055523157
21,0.055754900
22,0.055936098
23,0.055715322
24,0.055536985
25,0.055763245
26,0.055735350
27,0.055681944
28,0.055820704
29,0.055847883
30,0.055655956
31,0.055578947
32,0.055740833
33,0.055845737
34,0.055745125
35,0.055778742
36,0.055749416
37,0.055724621
38,0.055584669
39,0.055715084
40,0.055796146
41,0.055782795
42,0.055776119
43,0.055755377
44,0.055797100
45,0.055805683
46,0.055697918
47,0.055649519
48,0.055765867
49,0.055827618
50,0.056384563
51,0.055805922
52,0.055817127
53,0.055861950
54,0.055994749
55,0.055889130
56,0.055859327
57,0.055872917
58,0.055708647
59,0.055721283
60,0.055877209
61,0.055841923
62,0.056193829
63,0.056086779
64,0.055887699
65,0.056131124
66,0.055935621
67,0.055826664
68,0.055809736
69,0.056003094
70,0.056199312
71,0.056108952
72,0.056060553
73,0.055972099
74,0.056167603
75,0.056215525
76,0.056037188
77,0.055982590
78,0.055979967
79,0.056141615
80,0.056217670
81,0.056062460
82,0.056082726
83,0.055975914
84,0.056087494
85,0.056114674
86,0.056127310
87,0.056118965
88,0.056054115
89,0.056139708
90,0.056111336
91,0.056288719
92,0.056315184
93,0.056175709
94,0.056145906
95,0.056076050
96,0.056140900
97,0.056378365
98,0.056398869
99,0.056575060
100,0.056418896
101,0.056205511
102,0.056282282
103,0.056274891
104,0.056369543
105,0.056437254
106,0.056377411
107,0.056336880
108,0.056339025
109,0.056425333
110,0.056322813
111,0.056408882
112,0.056301355
113,0.056404114
114,0.056318998
115,0.056514502
116,0.056538105
117,0.056462288
118,0.056394339
119,0.056467295
120,0.056518555
121,0.056504726
122,0.056553125
123,0.056536913
124,0.056485176
125,0.056598663
126,0.056563377
