0,0.044772148
1,0.044233799
2,0.044159651
3,0.044081926
4,0.044050694
5,0.044084311
6,0.043984175
7,0.043967247
8,0.044011593
9,0.043996572
10,0.043964386
11,0.043970823
12,0.043988466
13,0.044002056
14,0.044364929
15,0.044486761
16,0.044015646
17,0.043990612
18,0.044063568
19,0.044728279
20,0.043989897
21,0.043993235
22,0.043996334
23,0.043993473
24,0.043988466
25,0.044022799
26,0.044117928
27,0.043985605
28,0.044005394
29,0.043980598
30,0.043974876
31,0.043981791
32,0.043993711
33,0.043980598
34,0.043998003
35,0.043991089
36,0.043982744
37,0.043994904
38,0.043987036
39,0.043988705
40,0.044002056
41,0.043990850
42,0.043976068
43,0.043984652
44,0.043985844
45,0.044018507
46,0.044015169
47,0.044009686
48,0.043973684
49,0.044009209
50,0.043990612
51,0.043998480
52,0.044001102
53,0.043978214
54,0.043977499
55,0.044007540
56,0.043987513
57,0.043997526
58,0.043968439
59,0.044007778
60,0.043974161
61,0.043987751
62,0.043977499
63,0.043999910
64,0.043969870
65,0.043991804
66,0.044004679
67,0.044001341
68,0.043963671
69,0.043975830
70,0.043981791
71,0.044011593
72,0.044015408
73,0.044026613
74,0.043993235
75,0.043980122
76,0.043983698
77,0.044008732
78,0.043978214
79,0.044001341
80,0.043977499
81,0.043968439
82,0.043980598
83,0.044013977
84,0.044003248
85,0.044011593
86,0.043994188
87,0.044012547
88,0.043986320
89,0.043999672
90,0.043974876
91,0.043976784
92,0.043990850
93,0.043973207
94,0.043992281
95,0.043992758
96,0.043996811
97,0.044012070
98,0.043995142
99,0.043976307
100,0.043983936
101,0.043982744
102,0.043974876
103,0.044003010
104,0.043970823
105,0.043977737
106,0.043976307
107,0.043986797
108,0.043984413
109,0.043961287
110,0.043972492
111,0.043992519
112,0.043997765
113,0.043977499
114,0.043989182
115,0.044002056
116,0.043987989
117,0.043999910
118,0.043976307
119,0.043989658
120,0.043991566
121,0.043982506
122,0.044013977
123,0.043985605
124,0.043962479
125,0.043971300
126,0.044011593
