0,0.060049772
1,0.059246302
2,0.059056044
3,0.059151888
4,0.059396982
5,0.059385300
6,0.059304953
7,0.059659004
8,0.059380054
9,0.059407234
10,0.059498072
11,0.059472561
12,0.059574127
13,0.059994459
14,0.060281515
15,0.060056448
16,0.059661627
17,0.059448957
18,0.059588432
19,0.059767962
20,0.060066700
21,0.059913874
22,0.059810877
23,0.059706688
24,0.060049295
25,0.059802532
26,0.059705257
27,0.059762239
28,0.059766531
29,0.059835434
30,0.060000420
31,0.059985638
32,0.059986353
33,0.059797764
34,0.059657097
35,0.059709311
36,0.059695244
37,0.059747696
38,0.059756756
39,0.059768915
40,0.060049772
41,0.059872389
42,0.059685946
43,0.059766531
44,0.059787273
45,0.059841871
46,0.059849262
47,0.059953928
48,0.059803247
49,0.059669018
50,0.059821367
51,0.059782028
52,0.059895515
53,0.060137272
54,0.059993267
55,0.059635401
56,0.059965134
57,0.060117722
58,0.059953690
59,0.059914351
60,0.059930086
61,0.059925795
62,0.060038090
63,0.060170174
64,0.059997559
65,0.059969187
66,0.059984922
67,0.060022831
68,0.059992552
69,0.060009956
70,0.060040712
71,0.060045719
72,0.060310602
73,0.060434103
74,0.060323477
75,0.060116529
76,0.060094833
77,0.060100317
78,0.060112715
79,0.060171127
80,0.060621023
81,0.060189486
82,0.060189247
83,0.060205936
84,0.060254335
85,0.060811520
86,0.060261011
87,0.060542107
88,0.060518503
89,0.060521603
90,0.060502291
91,0.060566902
92,0.060491800
93,0.060381651
94,0.060312510
95,0.060387135
96,0.060336351
97,0.060387850
98,0.060358524
99,0.060375452
100,0.060420513
101,0.060427666
102,0.061178923
103,0.060706854
104,0.060706377
105,0.060684204
106,0.060721874
107,0.060581684
108,0.060503006
109,0.060556889
110,0.060837269
111,0.060603142
112,0.060567141
113,0.060589552
114,0.060655355
115,0.060649872
116,0.060626268
117,0.060650587
118,0.060808420
119,0.060951710
120,0.060832739
121,0.060935497
122,0.060896158
123,0.060834646
124,0.060809612
125,0.060834408
126,0.060876608
