0,0.058012009
1,0.057205677
2,0.056995869
3,0.056936264
4,0.056891441
5,0.056822300
6,0.056922913
7,0.057019472
8,0.056936264
9,0.056960583
10,0.056896925
11,0.057187796
12,0.057101250
13,0.057031870
14,0.057053804
15,0.057267189
16,0.057368755
17,0.057445765
18,0.057497978
19,0.057366610
20,0.057189941
21,0.057100773
22,0.057073116
23,0.057161093
24,0.057421684
25,0.057306528
26,0.057153225
27,0.057129145
28,0.057453156
29,0.057317019
30,0.057231665
31,0.057181358
32,0.057201385
33,0.057258606
34,0.057385206
35,0.057350636
36,0.057324171
37,0.057402372
38,0.057239294
39,0.057239771
40,0.057020187
41,0.057232380
42,0.057194710
43,0.057279825
44,0.057454586
45,0.057452202
46,0.057276011
47,0.057061195
48,0.057275772
49,0.057463169
50,0.057346106
51,0.057210922
52,0.057144165
53,0.057258606
54,0.057468414
55,0.057358980
56,0.057305098
57,0.057317019
58,0.057242870
59,0.057127237
60,0.057113409
61,0.057235241
62,0.057677269
63,0.057454586
64,0.057373047
65,0.057398558
66,0.057578564
67,0.057430267
68,0.057308674
69,0.057208776
70,0.057378531
71,0.057480335
72,0.057631731
73,0.057492971
74,0.057470560
75,0.057526350
76,0.057651758
77,0.057523012
78,0.057482958
79,0.057502985
80,0.057372570
81,0.057351589
82,0.057314873
83,0.057323456
84,0.057360411
85,0.057488680
86,0.057735682
87,0.057607412
88,0.057688236
89,0.057754755
90,0.057728767
91,0.057598829
92,0.057735443
93,0.057853699
94,0.057807207
95,0.057787418
96,0.057739258
97,0.057703257
98,0.057680607
99,0.057686806
100,0.057716608
101,0.057668447
102,0.057727098
103,0.057761669
104,0.057951212
105,0.058013916
106,0.057822466
107,0.057758570
108,0.057766914
109,0.057854176
110,0.058007479
111,0.058028460
112,0.058003426
113,0.058057547
114,0.057870150
115,0.057882547
116,0.057752132
117,0.057809114
118,0.057872534
119,0.057897806
120,0.057958841
121,0.058127165
122,0.058073997
123,0.058137894
124,0.058144331
125,0.058143139
126,0.058068037
