0,0.042170987
1,0.041224404
2,0.042876214
3,0.045625930
4,0.047143513
5,0.047308682
6,0.048449875
7,0.048117275
8,0.049778894
9,0.049038939
10,0.050032283
11,0.050196147
12,0.050297582
13,0.049978816
14,0.051087599
15,0.050953748
16,0.050645267
17,0.050209236
18,0.049736621
19,0.049969939
20,0.050361719
21,0.049739016
22,0.050893290
23,0.050419926
24,0.050208473
25,0.051046797
26,0.050766261
27,0.050765184
28,0.050653322
29,0.050324535
30,0.051016705
31,0.051876262
32,0.051535675
33,0.051397303
34,0.051516049
35,0.051654972
36,0.051948429
37,0.051849089
38,0.052813359
39,0.052470847
40,0.052403564
41,0.052623110
42,0.052506557
43,0.052127000
44,0.052159352
45,0.052439242
46,0.052382840
47,0.052479593
48,0.052117466
49,0.052327042
50,0.051971676
51,0.052332785
52,0.052069307
53,0.052153422
54,0.052293452
55,0.052146948
56,0.051992337
57,0.052958664
58,0.052695303
59,0.052358673
60,0.052332911
61,0.052427417
62,0.051896876
63,0.052263209
64,0.052496855
65,0.052067611
66,0.052257631
67,0.052253746
68,0.052084459
69,0.052134200
70,0.052307987
71,0.052068903
72,0.052115811
73,0.053150643
74,0.052615160
75,0.051909178
76,0.052096336
77,0.053449724
78,0.052303125
79,0.052272778
80,0.053345300
81,0.052688530
82,0.052809482
83,0.052962607
84,0.052345408
85,0.052985544
86,0.053156545
87,0.052635828
88,0.052894321
89,0.052379878
90,0.052498486
91,0.052601192
92,0.052803708
93,0.052332301
94,0.052912528
95,0.052698090
96,0.052518731
97,0.052039455
98,0.052038715
99,0.052333461
100,0.052373561
101,0.052580093
102,0.052787847
103,0.053032744
104,0.052593705
105,0.052675040
106,0.052455278
107,0.052672540
108,0.052728646
109,0.052512271
110,0.052427125
111,0.052553551
112,0.052912766
113,0.052676679
114,0.052601568
115,0.052601793
116,0.052852581
117,0.052946965
118,0.052820852
119,0.052958538
120,0.053278418
121,0.052678381
122,0.052900280
123,0.053026059
124,0.053010358
125,0.053071266
126,0.052608929
