0,0.046902766
1,0.046950562
2,0.049782653
3,0.049868180
4,0.050565015
5,0.051873184
6,0.051573621
7,0.052175798
8,0.051467708
9,0.052424860
10,0.052797754
11,0.053013189
12,0.052506302
13,0.052774356
14,0.052853372
15,0.052689439
16,0.053092821
17,0.053070506
18,0.052429618
19,0.053187760
20,0.053258394
21,0.053381169
22,0.052362249
23,0.053146134
24,0.053051217
25,0.052990264
26,0.053612638
27,0.053281626
28,0.053459232
29,0.053469966
30,0.053136369
31,0.053544409
32,0.053735567
33,0.053474634
34,0.053524783
35,0.053855702
36,0.053532042
37,0.054070870
38,0.054437741
39,0.054064528
40,0.053306072
41,0.054159196
42,0.054068421
43,0.054151309
44,0.054147415
45,0.053988230
46,0.054858069
47,0.053978408
48,0.053973567
49,0.053769945
50,0.053579802
51,0.054246790
52,0.054232772
53,0.054278519
54,0.054158856
55,0.053790707
56,0.054023662
57,0.054771631
58,0.054314605
59,0.054180021
60,0.054094748
61,0.054214509
62,0.054109573
63,0.053957278
64,0.054021257
65,0.054134311
66,0.054091549
67,0.053981404
68,0.054150238
69,0.054264808
70,0.053960575
71,0.054358709
72,0.054020143
73,0.054405686
74,0.054787531
75,0.054345401
76,0.054577509
77,0.054158947
78,0.054353998
79,0.054433267
80,0.055005596
81,0.054883373
82,0.054562868
83,0.054377901
84,0.054246438
85,0.054336384
86,0.055017988
87,0.054547072
88,0.054785086
89,0.054457865
90,0.054261968
91,0.054479920
92,0.054507627
93,0.054309027
94,0.054289310
95,0.054490500
96,0.054400710
97,0.054364730
98,0.054756916
99,0.054927835
100,0.054947239
101,0.054661608
102,0.054447069
103,0.054138925
104,0.054933868
105,0.054658620
106,0.054234949
107,0.054379403
108,0.054295059
109,0.054464568
110,0.054577343
111,0.054492473
112,0.054898835
113,0.054838851
114,0.054357047
115,0.054537720
116,0.054920019
117,0.054619248
118,0.054899880
119,0.054808674
120,0.054687276
121,0.054545920
122,0.055310663
123,0.055399680
124,0.054757077
125,0.054955496
126,0.054541040
