0,0.045380942
1,0.045081349
2,0.046202878
3,0.048339271
4,0.049054275
5,0.050146015
6,0.050927451
7,0.051251866
8,0.051536565
9,0.051680928
10,0.051933631
11,0.052518544
12,0.052657917
13,0.052318913
14,0.052248452
15,0.052614588
16,0.052240827
17,0.052348182
18,0.052578056
19,0.052553920
20,0.052820120
21,0.052582409
22,0.052802335
23,0.053366033
24,0.053208699
25,0.052887721
26,0.053015489
27,0.052717400
28,0.053018643
29,0.053006628
30,0.053380317
31,0.053787798
32,0.053555621
33,0.053343649
34,0.053319254
35,0.053499025
36,0.053915268
37,0.053882351
38,0.053424891
39,0.053966643
40,0.053639091
41,0.053983473
42,0.054025930
43,0.053709288
44,0.053682643
45,0.053552775
46,0.052995125
47,0.053371714
48,0.053753429
49,0.053789052
50,0.053661232
51,0.053584163
52,0.053109686
53,0.053848826
54,0.053845799
55,0.053683183
56,0.053402282
57,0.053648237
58,0.053809581
59,0.053268883
60,0.053569548
61,0.053589655
62,0.053382839
63,0.053540263
64,0.053499652
65,0.053733141
66,0.053431408
67,0.053427012
68,0.053590283
69,0.054025416
70,0.053741903
71,0.053510594
72,0.053801502
73,0.053491647
74,0.053549735
75,0.053845959
76,0.053792252
77,0.053739536
78,0.055053382
79,0.053749384
80,0.053688460
81,0.053586719
82,0.054500489
83,0.054132104
84,0.053535768
85,0.054018962
86,0.053831543
87,0.054077795
88,0.053929928
89,0.054203049
90,0.054038225
91,0.053800881
92,0.053713379
93,0.053690004
94,0.054528995
95,0.054361706
96,0.054040997
97,0.054110316
98,0.053743884
99,0.054239195
100,0.054060681
101,0.053847745
102,0.054483258
103,0.054419782
104,0.054360453
105,0.054129563
106,0.054485672
107,0.054407209
108,0.054258664
109,0.054436452
110,0.054394255
111,0.055030371
112,0.054370344
113,0.054539098
114,0.054896086
115,0.054487569
116,0.054691855
117,0.054854922
118,0.055013869
119,0.054487848
120,0.054695594
121,0.054650616
122,0.054325440
123,0.054361353
124,0.054687004
125,0.054819596
126,0.055007324
