0,0.051014961
1,0.050549262
2,0.051907724
3,0.052323796
4,0.053766737
5,0.054896506
6,0.054846977
7,0.055161816
8,0.054862427
9,0.054866400
10,0.055783214
11,0.056538593
12,0.056194420
13,0.056422989
14,0.056406554
15,0.056126463
16,0.056905748
17,0.056683734
18,0.056323199
19,0.056508666
20,0.057215772
21,0.056657809
22,0.057083761
23,0.057129481
24,0.056754684
25,0.056341266
26,0.056762281
27,0.056547414
28,0.057255699
29,0.057146501
30,0.057046232
31,0.056995705
32,0.057050559
33,0.057189316
34,0.057136948
35,0.057494246
36,0.057445080
37,0.057418855
38,0.057406932
39,0.057514936
40,0.057692744
41,0.057617691
42,0.057733866
43,0.057607144
44,0.057333278
45,0.057421797
46,0.057664122
47,0.057599515
48,0.057366385
49,0.057429943
50,0.057503306
51,0.057908492
52,0.057865369
53,0.057889650
54,0.057914946
55,0.057540539
56,0.057747516
57,0.057764021
58,0.057847395
59,0.058008695
60,0.058159464
61,0.058075121
62,0.057857828
63,0.058146715
64,0.057787748
65,0.057996048
66,0.057861223
67,0.058000305
68,0.057970006
69,0.057905128
70,0.058021266
71,0.057668465
72,0.058006530
73,0.058037041
74,0.057517686
75,0.057770374
76,0.057965451
77,0.058342215
78,0.057865609
79,0.057840369
80,0.057704988
81,0.057973831
82,0.057945010
83,0.058264464
84,0.058042596
85,0.057948776
86,0.058316389
87,0.058089212
88,0.058198063
89,0.058466844
90,0.058534581
91,0.058581138
92,0.058669507
93,0.058668345
94,0.058598759
95,0.058967685
96,0.058636291
97,0.059208652
98,0.058487821
99,0.058602016
100,0.058621829
101,0.058588087
102,0.058553504
103,0.059033641
104,0.058564930
105,0.058846722
106,0.058773023
107,0.058383419
108,0.058657600
109,0.058437299
110,0.058326122
111,0.058756230
112,0.058380000
113,0.058351425
114,0.058298642
115,0.058627366
116,0.058423197
117,0.058912929
118,0.058708728
119,0.058932980
120,0.058652596
121,0.058737143
122,0.058945459
123,0.058744423
124,0.058735083
125,0.058512816
126,0.058511962
