0,0.069325252
1,0.068427941
2,0.069357964
3,0.070014692
4,0.070511729
5,0.071808223
6,0.071503326
7,0.071696926
8,0.071660746
9,0.072607702
10,0.072394569
11,0.072952012
12,0.073324226
13,0.073089909
14,0.072868081
15,0.073129068
16,0.072918237
17,0.073165384
18,0.073300102
19,0.073436427
20,0.073151434
21,0.073475575
22,0.073307697
23,0.073437684
24,0.073809362
25,0.073693103
26,0.073799468
27,0.073794581
28,0.074014250
29,0.073581774
30,0.074193554
31,0.074241369
32,0.073813617
33,0.074202389
34,0.074152400
35,0.074238469
36,0.074104094
37,0.074364321
38,0.073975234
39,0.074211669
40,0.073978266
41,0.074268462
42,0.074115394
43,0.074110188
44,0.074145524
45,0.074186814
46,0.074518428
47,0.074193455
48,0.074429646
49,0.074555862
50,0.074782519
51,0.074889300
52,0.074741721
53,0.074734138
54,0.075026047
55,0.074653916
56,0.074384384
57,0.074758135
58,0.075291003
59,0.074803188
60,0.074900211
61,0.075182240
62,0.074893892
63,0.074777863
64,0.075528244
65,0.074766585
66,0.074882464
67,0.075100805
68,0.074814681
69,0.075253385
70,0.075237577
71,0.074955193
72,0.074884831
73,0.075014024
74,0.074818560
75,0.075027778
76,0.074939450
77,0.075075769
78,0.074954177
79,0.075610413
80,0.075213175
81,0.075170973
82,0.074921502
83,0.074727387
84,0.075197550
85,0.075313741
86,0.075561764
87,0.075505700
88,0.075820531
89,0.075406458
90,0.075434533
91,0.075665327
92,0.075519031
93,0.075577261
94,0.075239639
95,0.074985383
96,0.074937218
97,0.075005489
98,0.075029874
99,0.074973361
100,0.075017308
101,0.075186861
102,0.075014955
103,0.075717027
104,0.075159764
105,0.075409739
106,0.075131438
107,0.075694892
108,0.075355314
109,0.075064019
110,0.075090550
111,0.075023920
112,0.075161289
113,0.074975904
114,0.074987115
115,0.075339124
116,0.075513094
117,0.075433887
118,0.075388487
119,0.075797610
120,0.075433093
121,0.075402328
122,0.075622052
123,0.075846293
124,0.075576377
125,0.075702255
126,0.075567472
