0,0.053269482
1,0.053302159
2,0.054358251
3,0.055720818
4,0.055443038
5,0.056213721
6,0.056337836
7,0.056382114
8,0.056762824
9,0.056787860
10,0.056903667
11,0.057320036
12,0.057046960
13,0.057745456
14,0.057415951
15,0.057115697
16,0.056920025
17,0.057069917
18,0.057418946
19,0.057429914
20,0.057602816
21,0.057549037
22,0.057473045
23,0.057594492
24,0.057896237
25,0.057617532
26,0.057696748
27,0.057905973
28,0.057793465
29,0.057969605
30,0.057786340
31,0.058053221
32,0.058333382
33,0.058103818
34,0.058771863
35,0.058367136
36,0.058306907
37,0.058864796
38,0.058391741
39,0.058332242
40,0.058536689
41,0.058790457
42,0.058879867
43,0.058729988
44,0.058673240
45,0.058687665
46,0.058112988
47,0.058243028
48,0.058306958
49,0.058651668
50,0.058627426
51,0.058418730
52,0.059022982
53,0.058987342
54,0.058651375
55,0.058254952
56,0.058300491
57,0.058438310
58,0.058852493
59,0.058951193
60,0.058782048
61,0.058462021
62,0.059028778
63,0.058985803
64,0.058783167
65,0.058774065
66,0.058663809
67,0.058761461
68,0.059044095
69,0.058811353
70,0.058654908
71,0.058822707
72,0.059141502
73,0.058996951
74,0.059203079
75,0.058898008
76,0.058698727
77,0.059054188
78,0.058920753
79,0.058833473
80,0.059519515
81,0.059157545
82,0.059229643
83,0.059181943
84,0.059288499
85,0.059087141
86,0.059783318
87,0.059155306
88,0.059018487
89,0.059240958
90,0.059118159
91,0.059413705
92,0.059154888
93,0.059310094
94,0.059327389
95,0.059021060
96,0.059186682
97,0.059266472
98,0.059225358
99,0.059922946
100,0.059179000
101,0.059428002
102,0.059652684
103,0.059535974
104,0.059651467
105,0.059831121
106,0.059850129
107,0.059828801
108,0.059327599
109,0.059273453
110,0.059293596
111,0.059098896
112,0.059862902
113,0.060248564
114,0.060113294
115,0.059885799
116,0.059937067
117,0.060010683
118,0.060209399
119,0.059911470
120,0.059676805
121,0.059691623
122,0.059575030
123,0.059698616
124,0.059950420
125,0.059940071
126,0.059938574
