0,0.049238814
1,0.049257558
2,0.050292476
3,0.051262993
4,0.051932305
5,0.053586328
6,0.053376093
7,0.053562404
8,0.053580028
9,0.054289492
10,0.054734280
11,0.054744101
12,0.054919103
13,0.054927658
14,0.054308939
15,0.054858466
16,0.054544000
17,0.055043280
18,0.055117641
19,0.054707861
20,0.054678377
21,0.054567749
22,0.055406502
23,0.055421826
24,0.055026851
25,0.055338732
26,0.055657708
27,0.055339028
28,0.055179948
29,0.055209875
30,0.055832572
31,0.055414382
32,0.055479356
33,0.055234286
34,0.055853999
35,0.055776974
36,0.055532613
37,0.056127952
38,0.056076267
39,0.056491070
40,0.055797091
41,0.055892511
42,0.055940994
43,0.056522731
44,0.056047683
45,0.055861663
46,0.055937324
47,0.056045329
48,0.055825747
49,0.056338523
50,0.056336488
51,0.055984772
52,0.055907085
53,0.056523815
54,0.056274003
55,0.056068358
56,0.056123748
57,0.055976525
58,0.056009774
59,0.056537234
60,0.056119072
61,0.055959309
62,0.056266726
63,0.056536966
64,0.056191806
65,0.056323296
66,0.056469647
67,0.056424362
68,0.056599964
69,0.056381617
70,0.056152944
71,0.056335118
72,0.056419055
73,0.056448847
74,0.056414411
75,0.056375341
76,0.056341981
77,0.056457614
78,0.057069484
79,0.056780671
80,0.056166279
81,0.056461086
82,0.056857172
83,0.056688824
84,0.056487525
85,0.056296156
86,0.056629222
87,0.056657321
88,0.056832830
89,0.056835098
90,0.056382706
91,0.056627197
92,0.056804978
93,0.056837224
94,0.056887789
95,0.056847009
96,0.056837816
97,0.056186451
98,0.057017019
99,0.056853917
100,0.056752499
101,0.056983689
102,0.056906084
103,0.057240359
104,0.056772919
105,0.056330984
106,0.056277106
107,0.056739998
108,0.056842389
109,0.056917764
110,0.056575796
111,0.056736658
112,0.056825874
113,0.056411666
114,0.057094151
115,0.057029672
116,0.056775186
117,0.056912869
118,0.056991788
119,0.057120411
120,0.056512521
121,0.056310626
122,0.056476516
123,0.056561121
124,0.056685412
125,0.056897650
126,0.056884128
