0,0.032679514
1,0.032240273
2,0.034473392
3,0.036422087
4,0.038884985
5,0.039874510
6,0.040179730
7,0.039790304
8,0.040986433
9,0.041331494
10,0.042523943
11,0.042197548
12,0.041983648
13,0.042544812
14,0.043336718
15,0.043252543
16,0.041513306
17,0.042437287
18,0.041771829
19,0.042955835
20,0.042911388
21,0.043248161
22,0.043231222
23,0.044792077
24,0.043690065
25,0.042686086
26,0.041743616
27,0.042447947
28,0.043499196
29,0.043503037
30,0.044703024
31,0.044128620
32,0.044779379
33,0.044214328
34,0.043621049
35,0.044635316
36,0.044047892
37,0.043900941
38,0.044535260
39,0.045256870
40,0.044626436
41,0.044664446
42,0.044532768
43,0.045286375
44,0.045071690
45,0.045130639
46,0.044730957
47,0.045463078
48,0.044889853
49,0.044350988
50,0.045076535
51,0.045169149
52,0.045492287
53,0.047457380
54,0.044632661
55,0.046043937
56,0.045369586
57,0.044328120
58,0.046264122
59,0.045499319
60,0.043611410
61,0.044302929
62,0.044841643
63,0.046328397
64,0.046077884
65,0.046709126
66,0.045607141
67,0.045278919
68,0.045053328
69,0.046297851
70,0.046795801
71,0.045995627
72,0.045998442
73,0.045475162
74,0.046059701
75,0.045414708
76,0.044478271
77,0.043694411
78,0.044111425
79,0.045964310
80,0.046981404
81,0.045288211
82,0.046154984
83,0.046642750
84,0.045542936
85,0.045372990
86,0.046376748
87,0.047460849
88,0.046984129
89,0.045945132
90,0.045419805
91,0.046260362
92,0.045691798
93,0.045137759
94,0.046377203
95,0.046749381
96,0.047126884
97,0.047043991
98,0.046851819
99,0.046705240
100,0.045674719
101,0.046928421
102,0.046861905
103,0.047721683
104,0.046615239
105,0.047102556
106,0.046242445
107,0.046716335
108,0.046816206
109,0.047011920
110,0.046595799
111,0.045432832
112,0.045961524
113,0.046714632
114,0.045641450
115,0.047424101
116,0.045273672
117,0.045830520
118,0.046506851
119,0.046396424
120,0.046605134
121,0.046758369
122,0.046775647
123,0.046804248
124,0.047432693
125,0.046659018
126,0.045071398
