0,0.045361409
1,0.045290386
2,0.047536874
3,0.049226023
4,0.050053507
5,0.050550333
6,0.051372035
7,0.051571938
8,0.051315729
9,0.051627324
10,0.052662943
11,0.053150002
12,0.052424439
13,0.052382371
14,0.052811872
15,0.052621689
16,0.053075661
17,0.052719201
18,0.052694736
19,0.052972973
20,0.053061154
21,0.053475121
22,0.053286984
23,0.053060035
24,0.052801042
25,0.052861518
26,0.053561402
27,0.053165180
28,0.053024253
29,0.053677453
30,0.053265328
31,0.054156709
32,0.053529485
33,0.053637932
34,0.053820405
35,0.054057696
36,0.053811681
37,0.054146669
38,0.053847833
39,0.053797170
40,0.054021513
41,0.054453658
42,0.054070765
43,0.053960739
44,0.054385763
45,0.054489343
46,0.054126805
47,0.054050956
48,0.054070080
49,0.053882644
50,0.054007474
51,0.054137849
52,0.054432807
53,0.053911857
54,0.054122931
55,0.054446128
56,0.054293189
57,0.054071090
58,0.054584327
59,0.054094680
60,0.054119358
61,0.054235174
62,0.054291271
63,0.054672020
64,0.054710552
65,0.054436580
66,0.054523138
67,0.054445741
68,0.054292430
69,0.054358723
70,0.054458497
71,0.056592010
72,0.054450413
73,0.053761296
74,0.054065149
75,0.054530942
76,0.054310786
77,0.054480227
78,0.054391080
79,0.054445797
80,0.054550128
81,0.054960344
82,0.054240385
83,0.054311520
84,0.054151831
85,0.054515295
86,0.054350112
87,0.055130545
88,0.054890635
89,0.054681133
90,0.054707131
91,0.054922419
92,0.054864507
93,0.054932948
94,0.055209952
95,0.054554938
96,0.054822344
97,0.054879454
98,0.054519968
99,0.054617271
100,0.055079169
101,0.054984303
102,0.055027258
103,0.055196640
104,0.054859302
105,0.054266970
106,0.054420961
107,0.054609240
108,0.054738705
109,0.054998246
110,0.055120679
111,0.055545843
112,0.055275624
113,0.055082017
114,0.055282299
115,0.055146889
116,0.055044814
117,0.055010818
118,0.054731658
119,0.055029386
120,0.055046115
121,0.055294489
122,0.055376944
123,0.054948034
124,0.055271859
125,0.055244627
126,0.055261125
