0,0.013095849
1,0.013016744
2,0.012908957
3,0.013033331
4,0.012902676
5,0.013010062
6,0.012988573
7,0.012891110
8,0.012898570
9,0.012925262
10,0.012958794
11,0.012935999
12,0.012936217
13,0.012905312
14,0.012961002
15,0.012885589
16,0.012890109
17,0.012880156
18,0.012805112
19,0.012879733
20,0.012935291
21,0.012921836
22,0.012825510
23,0.012889910
24,0.012882370
25,0.012909134
26,0.012853491
27,0.012889121
28,0.012865931
29,0.012889461
30,0.012831057
31,0.012880570
32,0.012867600
33,0.012908975
34,0.012816639
35,0.012896818
36,0.012802675
37,0.012885061
38,0.012856858
39,0.012900227
40,0.012900134
41,0.012853459
42,0.012802414
43,0.012924617
44,0.012871596
45,0.012877246
46,0.012844358
47,0.012908860
48,0.012794711
49,0.012871952
50,0.012836800
51,0.012922503
52,0.012909107
53,0.012888338
54,0.012832312
55,0.012864251
56,0.012819659
57,0.013064498
58,0.012816994
59,0.012885874
60,0.012809663
61,0.012880275
62,0.012808915
63,0.012886299
64,0.012842848
65,0.012871160
66,0.012829872
67,0.012948818
68,0.012833469
69,0.012921849
70,0.012832289
71,0.012877073
72,0.012864584
73,0.012902758
74,0.012832003
75,0.012919937
76,0.012800079
77,0.012939582
78,0.012862225
79,0.012899533
80,0.012860999
81,0.012902472
82,0.012917467
83,0.012956997
84,0.012859044
85,0.012891126
86,0.012820487
87,0.012935284
88,0.012867535
89,0.012904973
90,0.015320816
91,0.012936518
92,0.012871966
93,0.012922731
94,0.012780611
95,0.012941827
96,0.012854303
97,0.012918539
98,0.012916202
99,0.012929577
100,0.012849841
101,0.012961130
102,0.012874588
103,0.012922050
104,0.012858395
105,0.013630247
106,0.013284950
107,0.012989223
108,0.012957116
109,0.012960743
110,0.012858943
111,0.012960729
112,0.012860897
113,0.012941632
114,0.012842909
115,0.012981779
116,0.012837392
117,0.012954979
118,0.012899378
119,0.013329768
120,0.012914969
121,0.012993641
122,0.012824799
123,0.012964795
124,0.012921914
125,0.012985792
126,0.012834618
