0,0.064021395
1,0.062488773
2,0.063567935
3,0.064420537
4,0.064136517
5,0.065382704
6,0.065564591
7,0.065878194
8,0.066353297
9,0.066129346
10,0.066617226
11,0.066643810
12,0.067381039
13,0.066929293
14,0.067137488
15,0.066678528
16,0.066751988
17,0.067406844
18,0.067283003
19,0.067327416
20,0.067217933
21,0.067324119
22,0.067993085
23,0.067880279
24,0.067726879
25,0.067793038
26,0.067522839
27,0.067362032
28,0.067472689
29,0.067986728
30,0.067445779
31,0.067966546
32,0.068247248
33,0.068450864
34,0.068589279
35,0.068506293
36,0.068991885
37,0.068315924
38,0.068340707
39,0.068559376
40,0.068026090
41,0.069048477
42,0.068390350
43,0.068503376
44,0.068341922
45,0.068752835
46,0.068498547
47,0.068269052
48,0.068519246
49,0.068579350
50,0.068274926
51,0.068518859
52,0.068663678
53,0.068698109
54,0.068969133
55,0.068467560
56,0.068635127
57,0.068680628
58,0.068520260
59,0.068524747
60,0.068397832
61,0.068791560
62,0.068910181
63,0.068881876
64,0.068731538
65,0.068683834
66,0.068816306
67,0.069232901
68,0.068867894
69,0.068781625
70,0.068376230
71,0.068531661
72,0.068746654
73,0.069049737
74,0.068414199
75,0.068821784
76,0.068648357
77,0.069064512
78,0.069134482
79,0.069064373
80,0.068992021
81,0.069228207
82,0.069101066
83,0.068907254
84,0.068793362
85,0.069189205
86,0.069102894
87,0.069194200
88,0.069113511
89,0.069367484
90,0.069303504
91,0.069658600
92,0.069520909
93,0.069486698
94,0.069329643
95,0.069468062
96,0.069084391
97,0.069272074
98,0.069090564
99,0.069152753
100,0.069108045
101,0.069489242
102,0.069180277
103,0.069446135
104,0.069372747
105,0.069375203
106,0.069505650
107,0.069411717
108,0.069240636
109,0.069152516
110,0.069779010
111,0.069075355
112,0.069799344
113,0.069478494
114,0.069601445
115,0.070105030
116,0.069750018
117,0.069699340
118,0.069638510
119,0.069663231
120,0.069722888
121,0.069658805
122,0.069482724
123,0.071150523
124,0.069816447
125,0.069783226
126,0.069713911
