0,0.031892488
1,0.031637470
2,0.032609313
3,0.035928627
4,0.036879236
5,0.036990175
6,0.037544842
7,0.037490575
8,0.038259621
9,0.037642561
10,0.038915765
11,0.038466154
12,0.038137537
13,0.038522781
14,0.039408471
15,0.038278671
16,0.038239970
17,0.039980964
18,0.038867916
19,0.039301509
20,0.038990264
21,0.039286160
22,0.039271855
23,0.039308791
24,0.040074284
25,0.040766041
26,0.039578311
27,0.039624690
28,0.039174959
29,0.040570962
30,0.039655904
31,0.040667572
32,0.040601030
33,0.040316032
34,0.040517295
35,0.040270235
36,0.040712463
37,0.040206170
38,0.040375023
39,0.040660162
40,0.040721690
41,0.039307283
42,0.041034069
43,0.040863148
44,0.040372094
45,0.040539800
46,0.041018767
47,0.041496921
48,0.041013075
49,0.041628152
50,0.040626944
51,0.040474402
52,0.040091979
53,0.040573744
54,0.040635574
55,0.040256134
56,0.040492892
57,0.039600234
58,0.040958497
59,0.039723586
60,0.039935179
61,0.040542636
62,0.040574616
63,0.040148725
64,0.040333895
65,0.041248581
66,0.040840727
67,0.041443782
68,0.040703224
69,0.041326690
70,0.041110325
71,0.040635248
72,0.040233078
73,0.041325614
74,0.040460451
75,0.040440380
76,0.040916613
77,0.040293591
78,0.042806052
79,0.041369685
80,0.041617760
81,0.042359736
82,0.042099811
83,0.041006006
84,0.041117531
85,0.042638420
86,0.042384990
87,0.043066189
88,0.042266677
89,0.041806854
90,0.041091076
91,0.040325794
92,0.042451794
93,0.041990833
94,0.041798590
95,0.041503686
96,0.041855987
97,0.042871600
98,0.042626072
99,0.041586353
100,0.041093005
101,0.041344759
102,0.041803731
103,0.042273348
104,0.040007510
105,0.041836481
106,0.043015187
107,0.042805595
108,0.042807321
109,0.042818157
110,0.041870951
111,0.042998452
112,0.041961288
113,0.043334393
114,0.042990298
115,0.043135161
116,0.042897028
117,0.042007119
118,0.041945622
119,0.041820151
120,0.042724714
121,0.041951915
122,0.042228007
123,0.042524267
124,0.042479600
125,0.041327956
126,0.041241363
