0,0.036937461
1,0.037426312
2,0.039144823
3,0.040088858
4,0.040812381
5,0.042145328
6,0.043435279
7,0.043328315
8,0.043539532
9,0.044821797
10,0.044986440
11,0.045106436
12,0.044696135
13,0.044930919
14,0.046323322
15,0.045335274
16,0.045563047
17,0.045811647
18,0.045739003
19,0.044050716
20,0.045525062
21,0.045715211
22,0.045039948
23,0.045506512
24,0.044070687
25,0.045053510
26,0.045711409
27,0.045966083
28,0.045449418
29,0.046104798
30,0.045057518
31,0.046117152
32,0.046657965
33,0.046192359
34,0.046492444
35,0.046479733
36,0.046909512
37,0.047497137
38,0.047349579
39,0.047923485
40,0.046991059
41,0.046137529
42,0.046756339
43,0.046728899
44,0.046732623
45,0.047441067
46,0.046343179
47,0.046919351
48,0.045947728
49,0.045498721
50,0.046533014
51,0.047051654
52,0.046618980
53,0.047474131
54,0.047788367
55,0.046521443
56,0.047258080
57,0.047044757
58,0.047055209
59,0.047482891
60,0.047128020
61,0.047682227
62,0.046044174
63,0.046347862
64,0.047109600
65,0.046749335
66,0.047683844
67,0.046531776
68,0.047490052
69,0.047870386
70,0.048132771
71,0.048698609
72,0.047775586
73,0.047638055
74,0.047373608
75,0.048608343
76,0.047480771
77,0.047362950
78,0.048147699
79,0.047210719
80,0.048278244
81,0.048950640
82,0.048756851
83,0.047979095
84,0.047564253
85,0.048367868
86,0.048219720
87,0.047702544
88,0.048084651
89,0.047282050
90,0.048747522
91,0.048241395
92,0.047830577
93,0.047811216
94,0.048695161
95,0.048634386
96,0.047330827
97,0.047941021
98,0.048152738
99,0.047962039
100,0.047776346
101,0.047323353
102,0.048505667
103,0.048606727
104,0.048266347
105,0.048493352
106,0.048722205
107,0.048539458
108,0.048203659
109,0.048472456
110,0.049038817
111,0.048669902
112,0.047010307
113,0.047682630
114,0.048140085
115,0.047963327
116,0.048544646
117,0.048401390
118,0.048152834
119,0.048468936
120,0.047589345
121,0.047465178
122,0.048416854
123,0.047861808
124,0.048664896
125,0.048149903
126,0.048627292
