0,0.016615242
1,0.016229572
2,0.015934431
3,0.016244024
4,0.016153898
5,0.016371734
6,0.016063930
7,0.016540973
8,0.016394802
9,0.016449353
10,0.016599008
11,0.016909514
12,0.016670099
13,0.016479206
14,0.016693836
15,0.017094174
16,0.017100916
17,0.017064526
18,0.017022884
19,0.016800567
20,0.016947543
21,0.017081841
22,0.017135421
23,0.017150713
24,0.016975695
25,0.016880160
26,0.016940956
27,0.017382214
28,0.017122796
29,0.017316804
30,0.017188686
31,0.017201568
32,0.016993924
33,0.017144933
34,0.017162069
35,0.017323088
36,0.017223109
37,0.017286077
38,0.017228051
39,0.017391175
40,0.017292214
41,0.017452135
42,0.017428017
43,0.017402859
44,0.017470531
45,0.017327582
46,0.017518032
47,0.017446326
48,0.017513346
49,0.017483322
50,0.017760687
51,0.017647239
52,0.017665411
53,0.017763705
54,0.017616763
55,0.017528647
56,0.017783811
57,0.017803520
58,0.017844601
59,0.017948899
60,0.017749036
61,0.017805239
62,0.017687227
63,0.017295912
64,0.017533917
65,0.017610204
66,0.017543398
67,0.017468628
68,0.017602071
69,0.017743673
70,0.017833585
71,0.017834815
72,0.017817678
73,0.017700526
74,0.017974006
75,0.017837725
76,0.017843497
77,0.017926738
78,0.017879719
79,0.017930141
80,0.018030991
81,0.017770098
82,0.017804968
83,0.017914116
84,0.017754304
85,0.017639920
86,0.017865535
87,0.017862913
88,0.018024745
89,0.018110263
90,0.017868502
91,0.017705538
92,0.017876543
93,0.017827797
94,0.017792230
95,0.017773831
96,0.017813844
97,0.018133737
98,0.017837590
99,0.017837811
100,0.017824050
101,0.018028671
102,0.017900479
103,0.017847898
104,0.018018712
105,0.017931743
106,0.018108231
107,0.017895721
108,0.017851604
109,0.017937670
110,0.018027546
111,0.017999446
112,0.017997704
113,0.018059101
114,0.018126659
115,0.018034702
116,0.017994531
117,0.018038877
118,0.018150281
119,0.018061021
120,0.018065453
121,0.018106812
122,0.018086115
123,0.018216820
124,0.018144970
125,0.018194478
126,0.017965178
