0,0.038619532
1,0.035124646
2,0.034202855
3,0.034285226
4,0.035466975
5,0.036065807
6,0.036009657
7,0.035572416
8,0.035571075
9,0.035489494
10,0.035252117
11,0.035198776
12,0.035285245
13,0.035472126
14,0.035275189
15,0.035210549
16,0.035283764
17,0.035241844
18,0.035205121
19,0.035235145
20,0.035341406
21,0.035341056
22,0.035400879
23,0.035500811
24,0.036105477
25,0.036243569
26,0.036714552
27,0.036456600
28,0.036800406
29,0.037251225
30,0.037324035
31,0.037709548
32,0.037430238
33,0.037625936
34,0.037154977
35,0.037036546
36,0.036799690
37,0.036640879
38,0.036329696
39,0.036520244
40,0.036676365
41,0.036688005
42,0.036443783
43,0.036103378
44,0.036092276
45,0.036321500
46,0.035992499
47,0.035975595
48,0.035984216
49,0.036118203
50,0.036376085
51,0.036847064
52,0.036927698
53,0.036713032
54,0.037183287
55,0.037033607
56,0.037652654
57,0.038462311
58,0.037681920
59,0.037276805
60,0.037206820
61,0.037219960
62,0.037852906
63,0.037958083
64,0.037435875
65,0.037772693
66,0.037914605
67,0.037719034
68,0.037672269
69,0.037387074
70,0.036729200
71,0.036483359
72,0.036829667
73,0.036726282
74,0.036719454
75,0.036805056
76,0.037068675
77,0.036906165
78,0.036949158
79,0.037602539
80,0.037660554
81,0.037383625
82,0.037774382
83,0.037910056
84,0.037991512
85,0.038266478
86,0.038190211
87,0.038453784
88,0.038294668
89,0.038525721
90,0.038335777
91,0.038772318
92,0.038119975
93,0.037516075
94,0.037541983
95,0.037570212
96,0.037549390
97,0.037466274
98,0.037991476
99,0.038931256
100,0.037750715
101,0.037503708
102,0.037263513
103,0.037458748
104,0.037921082
105,0.037738005
106,0.038289408
107,0.038402313
108,0.038363868
109,0.038167729
110,0.038120370
111,0.038484276
112,0.038398389
113,0.038004360
114,0.038561326
115,0.038921305
116,0.039137376
117,0.039043020
118,0.038292047
119,0.038498645
120,0.038725006
121,0.038628108
122,0.038440403
123,0.038163019
124,0.038233801
125,0.038148131
126,0.037998743
