0,0.011376528
1,0.011025891
2,0.010642193
3,0.010979929
4,0.011137553
5,0.011213657
6,0.011297195
7,0.011665656
8,0.011859007
9,0.012132919
10,0.011955571
11,0.011875365
12,0.011980313
13,0.011994291
14,0.012490028
15,0.012183508
16,0.012452984
17,0.012473398
18,0.012359088
19,0.012314254
20,0.012321872
21,0.012176907
22,0.012313007
23,0.012197076
24,0.012290211
25,0.012390645
26,0.012570627
27,0.012243265
28,0.012231520
29,0.012620682
30,0.012695469
31,0.012609558
32,0.013097703
33,0.012550883
34,0.012519893
35,0.012876171
36,0.012761484
37,0.012841805
38,0.012812037
39,0.012538291
40,0.012515018
41,0.012992104
42,0.012864109
43,0.012807453
44,0.012507896
45,0.012778172
46,0.012969359
47,0.012682920
48,0.012539509
49,0.012716155
50,0.012738751
51,0.013178270
52,0.013339806
53,0.012929974
54,0.012484353
55,0.012767109
56,0.012911480
57,0.013004677
58,0.012989138
59,0.012814230
60,0.012927006
61,0.013002191
62,0.013104341
63,0.012720025
64,0.012699647
65,0.013320477
66,0.013326924
67,0.013140311
68,0.013590182
69,0.013572928
70,0.013308716
71,0.013139056
72,0.013000037
73,0.013037474
74,0.013048628
75,0.012957196
76,0.013161555
77,0.013267346
78,0.013541986
79,0.013196223
80,0.013676038
81,0.013602957
82,0.013143503
83,0.012948235
84,0.013242996
85,0.013018753
86,0.013363011
87,0.013313644
88,0.013038917
89,0.013260798
90,0.012941871
91,0.013284039
92,0.012795457
93,0.013176061
94,0.012902590
95,0.012890444
96,0.012614141
97,0.012543009
98,0.012645251
99,0.012692459
100,0.012778162
101,0.012825846
102,0.013289064
103,0.013409510
104,0.013402444
105,0.013037530
106,0.013198991
107,0.013522474
108,0.013257895
109,0.012624915
110,0.013277406
111,0.013368584
112,0.013073006
113,0.013207488
114,0.013171048
115,0.012892250
116,0.013102096
117,0.012816478
118,0.013180086
119,0.012923289
120,0.013150878
121,0.013396878
122,0.013502215
123,0.013179292
124,0.013334097
125,0.013178306
126,0.013258252
