0,0.010269382
1,0.010367953
2,0.010097184
3,0.010212863
4,0.010166474
5,0.010379567
6,0.010727734
7,0.010836709
8,0.010798390
9,0.010626787
10,0.010979563
11,0.010919512
12,0.011573381
13,0.011260082
14,0.010727394
15,0.011000032
16,0.010798625
17,0.011039022
18,0.011016106
19,0.011031849
20,0.010955897
21,0.011012679
22,0.010888584
23,0.010953614
24,0.010801066
25,0.010760462
26,0.010838268
27,0.010922367
28,0.010839229
29,0.011037263
30,0.010774492
31,0.010975978
32,0.010513782
33,0.010504258
34,0.010910176
35,0.011003031
36,0.010628219
37,0.011049570
38,0.011329452
39,0.011173734
40,0.011073457
41,0.011380708
42,0.011309548
43,0.011201650
44,0.010977923
45,0.011246929
46,0.011456890
47,0.011504537
48,0.011297446
49,0.010832752
50,0.011072200
51,0.011021358
52,0.011398142
53,0.011394904
54,0.011312175
55,0.011342316
56,0.011360424
57,0.011258181
58,0.011245294
59,0.010863733
60,0.011173582
61,0.010645032
62,0.010788155
63,0.011008897
64,0.011067208
65,0.010898530
66,0.011056466
67,0.010769413
68,0.011048287
69,0.010901499
70,0.011060314
71,0.011146262
72,0.011302747
73,0.011054044
74,0.011174260
75,0.011168612
76,0.011201578
77,0.011281852
78,0.010884541
79,0.011255069
80,0.011034806
81,0.010871433
82,0.011038598
83,0.010884640
84,0.011085562
85,0.010944054
86,0.010630559
87,0.010566043
88,0.010918399
89,0.010810938
90,0.010901686
91,0.010790621
92,0.010842943
93,0.010600581
94,0.010790011
95,0.011042330
96,0.011169038
97,0.011080358
98,0.011044156
99,0.011149071
100,0.011268157
101,0.010838877
102,0.010797975
103,0.010662750
104,0.011153849
105,0.010782636
106,0.010884769
107,0.010612978
108,0.010808357
109,0.010403721
110,0.010675156
111,0.010562068
112,0.010879044
113,0.010359973
114,0.010277998
115,0.010679955
116,0.010283048
117,0.010400404
118,0.010518318
119,0.010736734
120,0.010845031
121,0.010858378
122,0.010880574
123,0.010709408
124,0.011102722
125,0.011508635
126,0.011279793
