0,0.024164941
1,0.022494368
2,0.022405379
3,0.022288645
4,0.022269508
5,0.022399492
6,0.022543259
7,0.022930667
8,0.023237641
9,0.023254664
10,0.024038798
11,0.024452881
12,0.024385024
13,0.024761276
14,0.024517297
15,0.024529802
16,0.024375551
17,0.024539001
18,0.024548928
19,0.024494119
20,0.024269731
21,0.024204944
22,0.024157451
23,0.024069136
24,0.023997288
25,0.024243937
26,0.024426998
27,0.024295766
28,0.024256016
29,0.024488222
30,0.024233870
31,0.024454714
32,0.024442318
33,0.024387122
34,0.024013754
35,0.024297671
36,0.024215878
37,0.024410217
38,0.024501966
39,0.024598196
40,0.024736398
41,0.024897227
42,0.024534947
43,0.024592280
44,0.024787175
45,0.024583015
46,0.024730289
47,0.024914092
48,0.024970906
49,0.025212335
50,0.025175422
51,0.025041528
52,0.025241543
53,0.025345818
54,0.025332735
55,0.025192589
56,0.025140498
57,0.025212724
58,0.025135068
59,0.025296425
60,0.025288622
61,0.025248924
62,0.025111847
63,0.024913536
64,0.024940453
65,0.025002507
66,0.024913275
67,0.025022103
68,0.025042203
69,0.025049939
70,0.025104188
71,0.025093363
72,0.025112361
73,0.025172304
74,0.025063918
75,0.025363672
76,0.025336543
77,0.025351522
78,0.025239789
79,0.025364862
80,0.025220436
81,0.025247076
82,0.025268076
83,0.025207821
84,0.025314520
85,0.025252299
86,0.025588475
87,0.025750814
88,0.025842828
89,0.025963790
90,0.025845241
91,0.025620710
92,0.025486597
93,0.025673668
94,0.025817240
95,0.025836032
96,0.025778765
97,0.025740372
98,0.025873730
99,0.025892082
100,0.025845406
101,0.025776545
102,0.025557628
103,0.025561540
104,0.025607903
105,0.025423002
106,0.025414636
107,0.025456784
108,0.025345524
109,0.025255623
110,0.025230339
111,0.025324654
112,0.025339981
113,0.025406594
114,0.025581384
115,0.025632466
116,0.025583987
117,0.025628846
118,0.025827628
119,0.025663824
120,0.025663539
121,0.025645150
122,0.025746667
123,0.025676694
124,0.025641600
125,0.025939195
126,0.025843785
