0,0.021696520
1,0.020229761
2,0.019695064
3,0.020126046
4,0.020001807
5,0.020220724
6,0.020539983
7,0.021034779
8,0.021087690
9,0.021242229
10,0.021260500
11,0.021117236
12,0.021449672
13,0.021612353
14,0.021637443
15,0.021840161
16,0.021717065
17,0.021706088
18,0.021659834
19,0.021481392
20,0.021697603
21,0.021666616
22,0.021503383
23,0.021779163
24,0.021486170
25,0.021673238
26,0.021576056
27,0.021723407
28,0.021622761
29,0.021432875
30,0.021512387
31,0.021561523
32,0.021676742
33,0.021694843
34,0.021710478
35,0.021711763
36,0.021732196
37,0.021596793
38,0.021734726
39,0.021688703
40,0.021723268
41,0.021842448
42,0.021820654
43,0.021767570
44,0.021912769
45,0.021870095
46,0.021968916
47,0.022010122
48,0.022123133
49,0.021945828
50,0.022201646
51,0.021983085
52,0.022112911
53,0.022103990
54,0.021928657
55,0.022267266
56,0.022142742
57,0.022000712
58,0.022268504
59,0.022135877
60,0.021981339
61,0.022138919
62,0.022192572
63,0.022005778
64,0.022145890
65,0.022158513
66,0.022189865
67,0.022045422
68,0.022100190
69,0.022170479
70,0.022184949
71,0.022173960
72,0.022200123
73,0.022299823
74,0.022269896
75,0.022267342
76,0.022111787
77,0.022219051
78,0.022037037
79,0.022426145
80,0.022283574
81,0.022272993
82,0.022312159
83,0.022279210
84,0.022209223
85,0.022284825
86,0.022383896
87,0.022383479
88,0.022360671
89,0.022387576
90,0.022436369
91,0.022262842
92,0.022480701
93,0.022154963
94,0.022242142
95,0.022348113
96,0.022247708
97,0.022409563
98,0.022485874
99,0.022428998
100,0.022386194
101,0.022588205
102,0.022401486
103,0.022456134
104,0.022513450
105,0.022608475
106,0.023005212
107,0.022605497
108,0.022494908
109,0.022603180
110,0.022637767
111,0.022568380
112,0.022530617
113,0.022597391
114,0.022546079
115,0.022446677
116,0.022399716
117,0.022453629
118,0.022562576
119,0.022443977
120,0.022511031
121,0.022443649
122,0.022582314
123,0.022583831
124,0.022559281
125,0.022714631
126,0.022659258
