0,0.022657395
1,0.021671836
2,0.021017035
3,0.020851824
4,0.020765929
5,0.021089400
6,0.021203433
7,0.021325821
8,0.021286038
9,0.021338394
10,0.021323296
11,0.021486721
12,0.021678614
13,0.021683356
14,0.021900679
15,0.021894632
16,0.021850983
17,0.021934756
18,0.021947854
19,0.021702792
20,0.021879121
21,0.021808544
22,0.021768389
23,0.021979381
24,0.022317832
25,0.022031430
26,0.022122674
27,0.022103027
28,0.022096372
29,0.022020903
30,0.021908628
31,0.022005714
32,0.022070945
33,0.022045865
34,0.022121142
35,0.022127383
36,0.022256483
37,0.022160400
38,0.022306741
39,0.022106438
40,0.022292987
41,0.022258669
42,0.022201030
43,0.022384190
44,0.022465239
45,0.022309086
46,0.022386417
47,0.022498996
48,0.022438342
49,0.022306391
50,0.022460139
51,0.022345147
52,0.022431930
53,0.022465078
54,0.022566390
55,0.022369315
56,0.022479636
57,0.022572812
58,0.022428472
59,0.022561767
60,0.022558153
61,0.022606368
62,0.022682522
63,0.022603454
64,0.022639982
65,0.022565399
66,0.022680782
67,0.022760574
68,0.022709602
69,0.022753521
70,0.022740020
71,0.022807152
72,0.022713686
73,0.022849082
74,0.022828921
75,0.022804438
76,0.022776043
77,0.022986298
78,0.023046766
79,0.022872149
80,0.022940351
81,0.023068563
82,0.022921328
83,0.023037162
84,0.023031096
85,0.023131338
86,0.022959568
87,0.022940954
88,0.022943959
89,0.022755235
90,0.022854038
91,0.022821882
92,0.022925497
93,0.022920562
94,0.022824171
95,0.022836745
96,0.023086595
97,0.022989939
98,0.022990266
99,0.022919635
100,0.023102427
101,0.023036891
102,0.023048729
103,0.022986784
104,0.023086041
105,0.022962615
106,0.023057408
107,0.022998680
108,0.023014072
109,0.023066344
110,0.023023979
111,0.022952677
112,0.022872815
113,0.023034335
114,0.023024977
115,0.023115972
116,0.023089312
117,0.023059899
118,0.023133755
119,0.023239671
120,0.023037184
121,0.023198485
122,0.023025861
123,0.023020625
124,0.023501225
125,0.023022978
126,0.023166273
