0,0.020902604
1,0.018961569
2,0.019263023
3,0.018872218
4,0.019003876
5,0.019695298
6,0.019607253
7,0.020025306
8,0.020191356
9,0.019727479
10,0.019991897
11,0.020015429
12,0.019493521
13,0.020435414
14,0.020412541
15,0.020448119
16,0.020421844
17,0.020676144
18,0.020608537
19,0.020362473
20,0.020524180
21,0.020585409
22,0.020646406
23,0.020858227
24,0.020774259
25,0.020868456
26,0.020744351
27,0.020704084
28,0.020790778
29,0.020946118
30,0.020514161
31,0.020859144
32,0.020836871
33,0.020982548
34,0.021048293
35,0.021064560
36,0.020983051
37,0.021024579
38,0.021033267
39,0.021000047
40,0.020944339
41,0.020929423
42,0.021064899
43,0.020985834
44,0.021071753
45,0.021060328
46,0.020997529
47,0.020945701
48,0.021119021
49,0.021099715
50,0.021337074
51,0.021156859
52,0.021185840
53,0.021208802
54,0.021501869
55,0.021383507
56,0.021354184
57,0.021345575
58,0.021265173
59,0.021282795
60,0.021054679
61,0.021230632
62,0.021222690
63,0.021437515
64,0.021364097
65,0.021327986
66,0.021338975
67,0.021211412
68,0.021447046
69,0.021195138
70,0.022204188
71,0.021502491
72,0.021244261
73,0.021468856
74,0.021549331
75,0.021366874
76,0.021302155
77,0.021156297
78,0.021364551
79,0.021300075
80,0.021299227
81,0.021356424
82,0.021215462
83,0.021265870
84,0.021316196
85,0.021413062
86,0.021457565
87,0.021439495
88,0.021440074
89,0.021385846
90,0.021441310
91,0.021366917
92,0.021528192
93,0.021472820
94,0.021507604
95,0.021498970
96,0.021396561
97,0.021538855
98,0.021441637
99,0.021309364
100,0.021447526
101,0.021314067
102,0.021432915
103,0.021538611
104,0.021613579
105,0.021765835
106,0.021678556
107,0.021454350
108,0.021483252
109,0.021368765
110,0.021546349
111,0.021425929
112,0.021651281
113,0.021628768
114,0.021675701
115,0.021685159
116,0.021807702
117,0.021568972
118,0.021422486
119,0.021573908
120,0.021437042
121,0.021499082
122,0.021561251
123,0.021609007
124,0.021509423
125,0.021520908
126,0.021644581
