0,0.015444944
1,0.015075009
2,0.014281185
3,0.014551583
4,0.014714986
5,0.014962884
6,0.015016613
7,0.015210951
8,0.015212890
9,0.015433945
10,0.015707130
11,0.015642640
12,0.015750679
13,0.015756118
14,0.015562133
15,0.015979234
16,0.016056096
17,0.016216388
18,0.016174577
19,0.016117267
20,0.015993272
21,0.016302323
22,0.016384871
23,0.016537879
24,0.016319486
25,0.016591513
26,0.016669679
27,0.016161014
28,0.016410125
29,0.016536843
30,0.016240397
31,0.016145385
32,0.016216976
33,0.016224422
34,0.016353006
35,0.016245667
36,0.016248208
37,0.016153698
38,0.016331085
39,0.016312344
40,0.016533563
41,0.016731612
42,0.016734943
43,0.016284912
44,0.016435733
45,0.016360214
46,0.016456297
47,0.016492491
48,0.016666118
49,0.016483767
50,0.016584580
51,0.016566421
52,0.016321201
53,0.016534452
54,0.016609007
55,0.016549156
56,0.016724272
57,0.017065471
58,0.016819742
59,0.016911288
60,0.016679843
61,0.016892852
62,0.016890041
63,0.016822730
64,0.016826745
65,0.017044332
66,0.016887191
67,0.016964238
68,0.017054489
69,0.016889078
70,0.016972344
71,0.016936099
72,0.016807383
73,0.017085672
74,0.017038802
75,0.017144464
76,0.017074123
77,0.017116787
78,0.016935717
79,0.017164375
80,0.017070489
81,0.017096528
82,0.017234837
83,0.017296755
84,0.016881103
85,0.016969005
86,0.017061055
87,0.017033167
88,0.017052599
89,0.017154151
90,0.017240439
91,0.016878653
92,0.017026742
93,0.017167810
94,0.017028111
95,0.017167722
96,0.017126171
97,0.016851447
98,0.016932875
99,0.017243583
100,0.017324193
101,0.017257940
102,0.017121355
103,0.017338526
104,0.017322066
105,0.017121189
106,0.017157145
107,0.017153344
108,0.017072673
109,0.017071025
110,0.017176229
111,0.017222696
112,0.017196764
113,0.017234597
114,0.017275752
115,0.017230840
116,0.017252463
117,0.017203473
118,0.017207461
119,0.017353101
120,0.017139117
121,0.017187553
122,0.017545099
123,0.017321659
124,0.017282599
125,0.017363030
126,0.017119594
