0,0.014358174
1,0.013489037
2,0.013067256
3,0.013166632
4,0.013064837
5,0.013494689
6,0.013739937
7,0.014087097
8,0.013889362
9,0.013792107
10,0.013968017
11,0.014092896
12,0.014273715
13,0.014082404
14,0.014285009
15,0.014143558
16,0.014309013
17,0.014518605
18,0.014428104
19,0.014466145
20,0.014440291
21,0.014536124
22,0.014354201
23,0.014508733
24,0.014441148
25,0.014476122
26,0.014570471
27,0.014361160
28,0.014526468
29,0.014441471
30,0.014516180
31,0.014650351
32,0.015212755
33,0.015092438
34,0.014881176
35,0.014794774
36,0.014432592
37,0.014656703
38,0.014485994
39,0.014548217
40,0.014512161
41,0.014961328
42,0.014893887
43,0.014835217
44,0.014492696
45,0.014998025
46,0.014861860
47,0.014831243
48,0.015009204
49,0.015015786
50,0.014800791
51,0.014747689
52,0.015105116
53,0.015087674
54,0.015163585
55,0.015083780
56,0.014989511
57,0.015005820
58,0.014964463
59,0.015121886
60,0.014751808
61,0.014978856
62,0.015080879
63,0.015223955
64,0.014849562
65,0.015178059
66,0.014980098
67,0.015000793
68,0.015186307
69,0.014962310
70,0.014948925
71,0.015224361
72,0.014880089
73,0.014850130
74,0.015304743
75,0.015071195
76,0.015173806
77,0.015255336
78,0.015288344
79,0.015289878
80,0.015047236
81,0.015357884
82,0.015074500
83,0.015360585
84,0.014858808
85,0.015153546
86,0.015086569
87,0.015193588
88,0.015190492
89,0.015449563
90,0.015534731
91,0.015260007
92,0.015290709
93,0.015294260
94,0.015437139
95,0.015444849
96,0.015208175
97,0.015185388
98,0.015312331
99,0.015102740
100,0.015080757
101,0.015029222
102,0.015074717
103,0.015249842
104,0.015116019
105,0.015195867
106,0.015494774
107,0.015212445
108,0.015331658
109,0.015450274
110,0.015398580
111,0.015461467
112,0.015412701
113,0.015144573
114,0.015560645
115,0.015372746
116,0.015257708
117,0.015538690
118,0.015656973
119,0.015377166
120,0.015126364
121,0.015483325
122,0.015407047
123,0.015263562
124,0.015299936
125,0.015253905
126,0.015282641
