0,0.018601208
1,0.018226388
2,0.017745666
3,0.017719581
4,0.017442862
5,0.017808123
6,0.017863066
7,0.018060099
8,0.018352054
9,0.018678008
10,0.018240838
11,0.018204738
12,0.018407126
13,0.018749246
14,0.018663731
15,0.018799660
16,0.018772920
17,0.019418653
18,0.019190726
19,0.019065572
20,0.018991027
21,0.018967269
22,0.018786412
23,0.019437910
24,0.019298253
25,0.019229550
26,0.018891706
27,0.019020000
28,0.019355535
29,0.019003479
30,0.019460092
31,0.019457666
32,0.019709799
33,0.019859625
34,0.019657855
35,0.019619492
36,0.019743614
37,0.019887388
38,0.019901577
39,0.019997224
40,0.019746776
41,0.019640329
42,0.020272935
43,0.020165867
44,0.020037608
45,0.020340984
46,0.020254668
47,0.020168531
48,0.020262744
49,0.020320709
50,0.020117635
51,0.020055927
52,0.020186857
53,0.020110053
54,0.020163832
55,0.020264917
56,0.020389386
57,0.020522087
58,0.020330531
59,0.020420916
60,0.020452237
61,0.020700794
62,0.020708787
63,0.020606086
64,0.020579243
65,0.020803523
66,0.020646088
67,0.020632739
68,0.020678244
69,0.020559671
70,0.020478703
71,0.020825559
72,0.020716935
73,0.020483240
74,0.020675610
75,0.020670856
76,0.020766802
77,0.020765665
78,0.020788326
79,0.020594314
80,0.020607742
81,0.020786575
82,0.020641655
83,0.020731721
84,0.020786730
85,0.020453737
86,0.020838957
87,0.020798429
88,0.020475623
89,0.020787066
90,0.020646828
91,0.020659768
92,0.020660235
93,0.020852872
94,0.020917795
95,0.020919831
96,0.020669880
97,0.020749420
98,0.020836275
99,0.020817401
100,0.020882188
101,0.020977779
102,0.021017494
103,0.021003181
104,0.020874921
105,0.020972605
106,0.020963777
107,0.020887996
108,0.020785617
109,0.020852882
110,0.020851351
111,0.021057240
112,0.020899082
113,0.021124471
114,0.021035889
115,0.020783268
116,0.020938116
117,0.020700038
118,0.020645995
119,0.020925817
120,0.020800025
121,0.020978022
122,0.021001121
123,0.021022171
124,0.020822528
125,0.021112297
126,0.020955995
