0,0.017103127
1,0.016265311
2,0.016075105
3,0.016209670
4,0.016461159
5,0.016694219
6,0.016557516
7,0.016980229
8,0.017062377
9,0.016916462
10,0.016909189
11,0.017191931
12,0.017272431
13,0.017412650
14,0.017370944
15,0.017157200
16,0.017542240
17,0.017620781
18,0.017668463
19,0.017599444
20,0.017255893
21,0.017254067
22,0.017553554
23,0.017586025
24,0.017539296
25,0.017617952
26,0.017693395
27,0.017552693
28,0.017788341
29,0.017838525
30,0.017780930
31,0.017797697
32,0.017675154
33,0.017768256
34,0.017896363
35,0.017617949
36,0.017761861
37,0.017823320
38,0.017891637
39,0.017855434
40,0.017821708
41,0.017950753
42,0.017999988
43,0.017993471
44,0.017975443
45,0.018030373
46,0.018125261
47,0.018001675
48,0.018037648
49,0.018118039
50,0.018091158
51,0.018117155
52,0.018009045
53,0.018100491
54,0.018683515
55,0.018174699
56,0.017930510
57,0.017891690
58,0.018044786
59,0.017973089
60,0.017686627
61,0.017845531
62,0.018168181
63,0.018143070
64,0.018020595
65,0.017891052
66,0.017932951
67,0.017922416
68,0.017989830
69,0.018232264
70,0.018085528
71,0.017975670
72,0.018088164
73,0.018121360
74,0.018190586
75,0.018305757
76,0.018421541
77,0.018188123
78,0.018089840
79,0.018009263
80,0.018192206
81,0.018195008
82,0.018342930
83,0.018295821
84,0.018296794
85,0.018340007
86,0.018165415
87,0.018197799
88,0.018325011
89,0.018203400
90,0.018312236
91,0.018240858
92,0.018377243
93,0.018147172
94,0.018142299
95,0.018228456
96,0.018337572
97,0.018349948
98,0.018336868
99,0.018481472
100,0.018287068
101,0.018250029
102,0.018154740
103,0.018272768
104,0.018225595
105,0.018310234
106,0.018264994
107,0.018315681
108,0.018270206
109,0.018285484
110,0.018212898
111,0.018200206
112,0.018130191
113,0.018465434
114,0.018294987
115,0.018275518
116,0.018408692
117,0.018436819
118,0.018384838
119,0.018461367
120,0.018071735
121,0.018260536
122,0.018358798
123,0.018365757
124,0.018324329
125,0.018269382
126,0.018281372
