0,0.014878709
1,0.014664079
2,0.014193755
3,0.014250811
4,0.014391721
5,0.014284286
6,0.014598454
7,0.014867501
8,0.014678517
9,0.014662265
10,0.015055653
11,0.014806470
12,0.015284904
13,0.015112803
14,0.015245561
15,0.015563955
16,0.015510361
17,0.015426658
18,0.015649671
19,0.015443322
20,0.015416357
21,0.015759945
22,0.015664549
23,0.015718675
24,0.015881456
25,0.015680040
26,0.015768935
27,0.015867925
28,0.015758903
29,0.015707538
30,0.015440645
31,0.015573885
32,0.015906582
33,0.015782259
34,0.015824153
35,0.016020799
36,0.016063381
37,0.016188774
38,0.015864968
39,0.016048962
40,0.015930539
41,0.016026666
42,0.015822491
43,0.015777894
44,0.016001574
45,0.016315213
46,0.016066720
47,0.016225766
48,0.016089513
49,0.016208228
50,0.015922799
51,0.016243051
52,0.016337475
53,0.016450298
54,0.016339879
55,0.016047872
56,0.016259980
57,0.016153715
58,0.015959404
59,0.016477271
60,0.016348064
61,0.015913447
62,0.016229079
63,0.016400009
64,0.015863933
65,0.016119274
66,0.016382383
67,0.016377237
68,0.016383135
69,0.016311548
70,0.016372993
71,0.016583231
72,0.016987241
73,0.016463596
74,0.016542291
75,0.016343954
76,0.016399317
77,0.016223907
78,0.016252842
79,0.016375618
80,0.016652538
81,0.016575652
82,0.016673212
83,0.016470154
84,0.016627211
85,0.016317563
86,0.016527824
87,0.016723664
88,0.016650145
89,0.016258807
90,0.016527371
91,0.016375494
92,0.016626797
93,0.016187956
94,0.016385658
95,0.016582420
96,0.016447116
97,0.016286825
98,0.016426043
99,0.016359942
100,0.016260925
101,0.016250812
102,0.016480359
103,0.016522979
104,0.016542282
105,0.016585469
106,0.016734515
107,0.016590951
108,0.016492626
109,0.016288223
110,0.016594791
111,0.016668255
112,0.016386587
113,0.016590838
114,0.016716948
115,0.016438122
116,0.016448168
117,0.016468366
118,0.016695740
119,0.016650833
120,0.016803268
121,0.016760927
122,0.016722738
123,0.016672292
124,0.016713417
125,0.016523415
126,0.016521992
