0,0.016339239
1,0.015653287
2,0.015958725
3,0.015540798
4,0.015815889
5,0.016211079
6,0.016078165
7,0.016625794
8,0.016704452
9,0.016718262
10,0.016656010
11,0.016558476
12,0.016602195
13,0.016607479
14,0.016931925
15,0.019755663
16,0.017554311
17,0.017184642
18,0.017292322
19,0.017153780
20,0.017030445
21,0.017048207
22,0.016990110
23,0.017186385
24,0.017174586
25,0.016874586
26,0.017022136
27,0.017122501
28,0.017127076
29,0.017320827
30,0.017189785
31,0.017093447
32,0.017136086
33,0.017160140
34,0.017370406
35,0.017288539
36,0.017284912
37,0.017333842
38,0.017283695
39,0.017282978
40,0.017258598
41,0.017219457
42,0.017549355
43,0.017434197
44,0.017574811
45,0.017253671
46,0.017379207
47,0.017447398
48,0.017484637
49,0.017470195
50,0.017601745
51,0.017587961
52,0.017563175
53,0.017674359
54,0.017512038
55,0.017337352
56,0.017281361
57,0.017308693
58,0.017335235
59,0.017486149
60,0.017428158
61,0.017383909
62,0.017510268
63,0.017463183
64,0.017418916
65,0.017743854
66,0.017638349
67,0.017656420
68,0.017837330
69,0.017530618
70,0.017770610
71,0.017692729
72,0.017790205
73,0.017581780
74,0.017666024
75,0.017664040
76,0.017509203
77,0.017679087
78,0.017681186
79,0.017512381
80,0.017536573
81,0.017536192
82,0.017511251
83,0.017794917
84,0.017720390
85,0.017608291
86,0.018032688
87,0.017679067
88,0.017644212
89,0.017640185
90,0.017503509
91,0.017659943
92,0.017725354
93,0.017678901
94,0.017534356
95,0.017774189
96,0.017735025
97,0.017749447
98,0.017717494
99,0.017705924
100,0.017448450
101,0.017653329
102,0.017582004
103,0.017829849
104,0.017894116
105,0.017727541
106,0.017908164
107,0.017954340
108,0.017805180
109,0.018029289
110,0.017909028
111,0.017829465
112,0.018016877
113,0.018040835
114,0.017936160
115,0.017931410
116,0.017687764
117,0.017900470
118,0.017851321
119,0.017887008
120,0.017687101
121,0.017823384
122,0.017903879
123,0.017796849
124,0.017826390
125,0.017691726
126,0.017756869
