0,0.022246423
1,0.020602650
2,0.020246449
3,0.020144818
4,0.020317957
5,0.020624863
6,0.020838713
7,0.020919567
8,0.021100494
9,0.021187186
10,0.021542951
11,0.021416687
12,0.021410182
13,0.021483542
14,0.022013063
15,0.022117048
16,0.022030879
17,0.021916404
18,0.021910957
19,0.021675877
20,0.021737209
21,0.021553100
22,0.021844353
23,0.022177635
24,0.022240246
25,0.022160486
26,0.022341939
27,0.022443041
28,0.022610355
29,0.022552580
30,0.022741915
31,0.022708289
32,0.022915353
33,0.022787265
34,0.022817763
35,0.022790822
36,0.022251692
37,0.022471544
38,0.022539495
39,0.022421375
40,0.022675209
41,0.022933200
42,0.022594268
43,0.022918442
44,0.022800308
45,0.022990638
46,0.022938974
47,0.023096762
48,0.022461628
49,0.022784893
50,0.022870470
51,0.022963712
52,0.022864992
53,0.022968682
54,0.022799741
55,0.022640053
56,0.022841191
57,0.022850949
58,0.022797593
59,0.023051149
60,0.022817792
61,0.022660464
62,0.022668153
63,0.022659806
64,0.022856234
65,0.022922306
66,0.022835600
67,0.023086173
68,0.022922449
69,0.022804317
70,0.023020632
71,0.023044623
72,0.022956163
73,0.023384315
74,0.023306667
75,0.022980443
76,0.023069978
77,0.023145843
78,0.023183051
79,0.023161645
80,0.023276751
81,0.023403073
82,0.023424765
83,0.023398061
84,0.023079082
85,0.023238602
86,0.023503577
87,0.023350580
88,0.023334005
89,0.023128925
90,0.023011045
91,0.023309541
92,0.023459415
93,0.023251980
94,0.023380954
95,0.023347594
96,0.023228842
97,0.023488983
98,0.023364246
99,0.023490716
100,0.023520035
101,0.023310235
102,0.023237273
103,0.023519727
104,0.023470123
105,0.023352051
106,0.023394263
107,0.023228787
108,0.023435915
109,0.023433088
110,0.023561127
111,0.023399164
112,0.023411963
113,0.023411863
114,0.023331254
115,0.023488654
116,0.023458713
117,0.023547837
118,0.023582749
119,0.023497200
120,0.023524787
121,0.023398074
122,0.023582031
123,0.023659911
124,0.023561084
125,0.023637979
126,0.023545272
