0,0.018755771
1,0.017466754
2,0.017158692
3,0.017632052
4,0.017297297
5,0.017476458
6,0.017668784
7,0.017589965
8,0.017667079
9,0.017836402
10,0.017884638
11,0.017763143
12,0.017826067
13,0.017770563
14,0.018057882
15,0.018158362
16,0.018138747
17,0.018436050
18,0.018400311
19,0.018435684
20,0.018201643
21,0.018246237
22,0.018259870
23,0.018230163
24,0.018352856
25,0.018294167
26,0.018221149
27,0.018369756
28,0.018272705
29,0.018304559
30,0.018291291
31,0.018455753
32,0.018123791
33,0.018387866
34,0.018324847
35,0.018333535
36,0.018425299
37,0.018567655
38,0.018354883
39,0.018694137
40,0.019013214
41,0.018725514
42,0.018715993
43,0.018467927
44,0.018473206
45,0.018582435
46,0.018679157
47,0.018962384
48,0.018678894
49,0.018733524
50,0.018682555
51,0.018700457
52,0.018706021
53,0.018999369
54,0.019229601
55,0.018645001
56,0.018710378
57,0.018703192
58,0.018924193
59,0.018913644
60,0.018860007
61,0.018985546
62,0.018787690
63,0.019088615
64,0.018996377
65,0.019186971
66,0.019056687
67,0.019151057
68,0.018971768
69,0.019182304
70,0.019290400
71,0.019307968
72,0.019722063
73,0.019841587
74,0.019572274
75,0.019312508
76,0.019548877
77,0.019181678
78,0.019230094
79,0.019662874
80,0.019546609
81,0.019471958
82,0.019246575
83,0.019343971
84,0.019641960
85,0.019320531
86,0.019345157
87,0.019386513
88,0.019271007
89,0.019696841
90,0.019960887
91,0.019727905
92,0.020050198
93,0.019908501
94,0.019619234
95,0.019794472
96,0.020093589
97,0.019531943
98,0.019700199
99,0.019877553
100,0.020250999
101,0.020016089
102,0.019879548
103,0.020057443
104,0.019432235
105,0.019618788
106,0.019839827
107,0.020129640
108,0.020039364
109,0.020153489
110,0.019820186
111,0.019992738
112,0.019735588
113,0.019668254
114,0.020165115
115,0.020134036
116,0.019999122
117,0.020232370
118,0.020171322
119,0.020157054
120,0.020118910
121,0.020183233
122,0.020057032
123,0.020002867
124,0.019957959
125,0.020056736
126,0.019725640
