0,0.019387849
1,0.018705088
2,0.017717591
3,0.017525587
4,0.017235324
5,0.017348856
6,0.017425414
7,0.017590315
8,0.017643360
9,0.017713888
10,0.017697211
11,0.018038428
12,0.018267121
13,0.017994164
14,0.018200114
15,0.018112347
16,0.018425836
17,0.018656814
18,0.018461396
19,0.018666070
20,0.018862876
21,0.018410470
22,0.018625851
23,0.018386384
24,0.018616345
25,0.018637770
26,0.018726267
27,0.018692273
28,0.018752724
29,0.018732268
30,0.018824932
31,0.018775066
32,0.018769020
33,0.018905816
34,0.018759465
35,0.018855626
36,0.018595461
37,0.019009314
38,0.019210761
39,0.019119610
40,0.019260401
41,0.019273923
42,0.019105422
43,0.019006018
44,0.018835664
45,0.019029025
46,0.019112111
47,0.019393958
48,0.019050159
49,0.019366061
50,0.019542339
51,0.019098845
52,0.019485683
53,0.019784262
54,0.019766708
55,0.019595158
56,0.019601712
57,0.019574085
58,0.019193299
59,0.019403850
60,0.019469436
61,0.019363865
62,0.019475575
63,0.019520289
64,0.019581592
65,0.019830237
66,0.019876947
67,0.019908368
68,0.019739158
69,0.019842948
70,0.020025960
71,0.020047255
72,0.019904577
73,0.020144638
74,0.020068760
75,0.019987974
76,0.020071882
77,0.020295242
78,0.020034632
79,0.020233151
80,0.019841816
81,0.019868579
82,0.019995873
83,0.020166284
84,0.019954528
85,0.019751135
86,0.019738527
87,0.019549197
88,0.019437311
89,0.019656946
90,0.019847970
91,0.019550109
92,0.019993732
93,0.019774091
94,0.019934572
95,0.019905160
96,0.019797709
97,0.020068991
98,0.020029007
99,0.019919263
100,0.020056904
101,0.020171298
102,0.019947785
103,0.020123338
104,0.020451864
105,0.020021760
106,0.020365807
107,0.020580876
108,0.020324364
109,0.020591966
110,0.020459291
111,0.020428974
112,0.020351856
113,0.020613415
114,0.020506826
115,0.020306011
116,0.020195885
117,0.020535212
118,0.020938651
119,0.020658231
120,0.020441425
121,0.020528966
122,0.020511425
123,0.020470557
124,0.020485177
125,0.020472369
126,0.020476294
