0,0.012266514
1,0.011351166
2,0.012067790
3,0.012190592
4,0.012397139
5,0.012750066
6,0.012584752
7,0.012867542
8,0.013241262
9,0.013261794
10,0.013473536
11,0.013577018
12,0.013385016
13,0.013235887
14,0.013533282
15,0.013638879
16,0.013599908
17,0.013923651
18,0.013998423
19,0.013834989
20,0.013840168
21,0.013818466
22,0.013731497
23,0.013748013
24,0.013571824
25,0.013689794
26,0.013829027
27,0.013922036
28,0.013907199
29,0.013944712
30,0.013725496
31,0.013927744
32,0.014163595
33,0.013909615
34,0.013930687
35,0.013679721
36,0.013193285
37,0.013815697
38,0.014121606
39,0.014076391
40,0.014239567
41,0.014458977
42,0.014348802
43,0.014031049
44,0.014224126
45,0.014350303
46,0.014307199
47,0.014184359
48,0.014352237
49,0.014209081
50,0.014257649
51,0.014325981
52,0.014174353
53,0.014466745
54,0.014315782
55,0.014330779
56,0.014441099
57,0.015699786
58,0.014495333
59,0.014128105
60,0.014273667
61,0.014454473
62,0.014507180
63,0.014265943
64,0.014423211
65,0.014311955
66,0.013899669
67,0.014274248
68,0.014230360
69,0.013880570
70,0.014275000
71,0.014273142
72,0.014538999
73,0.014391303
74,0.014471569
75,0.014352828
76,0.014454737
77,0.014826175
78,0.014742091
79,0.014802651
80,0.014767919
81,0.014865801
82,0.014610068
83,0.014603826
84,0.014615708
85,0.014560915
86,0.014182333
87,0.014583601
88,0.014488904
89,0.014586527
90,0.014130594
91,0.014020994
92,0.014230544
93,0.014113718
94,0.014332027
95,0.014124246
96,0.014336399
97,0.014335125
98,0.014406960
99,0.014451687
100,0.014391123
101,0.014173596
102,0.014280408
103,0.014575231
104,0.014809899
105,0.014711004
106,0.014516539
107,0.014707727
108,0.014334541
109,0.014369668
110,0.014581155
111,0.014449562
112,0.014717410
113,0.014753354
114,0.014641363
115,0.014489267
116,0.014697612
117,0.014649422
118,0.014422054
119,0.014510937
120,0.014619648
121,0.014341705
122,0.014259091
123,0.014627024
124,0.014354504
125,0.014544718
126,0.014718371
