0,0.031303341
1,0.028964720
2,0.028011481
3,0.028032462
4,0.027946290
5,0.028179718
6,0.028469550
7,0.029062899
8,0.029159070
9,0.028867560
10,0.028961774
11,0.029314440
12,0.029309859
13,0.029227125
14,0.029600644
15,0.029385611
16,0.029634328
17,0.029603162
18,0.029633914
19,0.030036836
20,0.030414364
21,0.030461809
22,0.030616458
23,0.030684138
24,0.030676855
25,0.030923217
26,0.031025622
27,0.031013731
28,0.031069082
29,0.030764655
30,0.030941030
31,0.031083526
32,0.030950452
33,0.030624226
34,0.030595036
35,0.030352389
36,0.030279225
37,0.030539959
38,0.030381981
39,0.030502625
40,0.030360223
41,0.030440574
42,0.030610836
43,0.030498293
44,0.030525743
45,0.030427688
46,0.030454599
47,0.030509991
48,0.030555175
49,0.030555054
50,0.030695071
51,0.031089850
52,0.031054968
53,0.030889162
54,0.030979655
55,0.031212426
56,0.031187893
57,0.031308744
58,0.031517134
59,0.031277777
60,0.031153012
61,0.031490239
62,0.031390350
63,0.031342341
64,0.031550709
65,0.031254952
66,0.031739291
67,0.031149173
68,0.031201566
69,0.031371137
70,0.031286659
71,0.031156056
72,0.030916560
73,0.030960298
74,0.031125961
75,0.031061998
76,0.030989935
77,0.030977725
78,0.031051688
79,0.031204081
80,0.031049456
81,0.031402602
82,0.031333800
83,0.031443766
84,0.031688342
85,0.031403277
86,0.031448068
87,0.032162035
88,0.031823165
89,0.031439694
90,0.031306479
91,0.031682784
92,0.031969258
93,0.032294879
94,0.031955889
95,0.031789574
96,0.032144433
97,0.031709641
98,0.031508804
99,0.031455712
100,0.031284401
101,0.031228532
102,0.031168161
103,0.031770811
104,0.031721149
105,0.031728709
106,0.031632240
107,0.031543166
108,0.031547416
109,0.031404867
110,0.031404709
111,0.031931432
112,0.031716636
113,0.032194701
114,0.031795904
115,0.031388975
116,0.031257484
117,0.031389935
118,0.031776620
119,0.031900804
120,0.031970785
121,0.032108432
122,0.032055778
123,0.032496595
124,0.032392937
125,0.032155104
126,0.032318885
