0,0.005064449
1,0.004910749
2,0.004925281
3,0.005009908
4,0.004855982
5,0.004934011
6,0.004900873
7,0.004773222
8,0.004880403
9,0.004885805
10,0.004750065
11,0.004832320
12,0.004991860
13,0.004733646
14,0.004789179
15,0.004897483
16,0.004759103
17,0.004843359
18,0.004924524
19,0.005097844
20,0.004789999
21,0.004975375
22,0.004715825
23,0.004773394
24,0.004935686
25,0.004742842
26,0.004736668
27,0.004953079
28,0.004688688
29,0.004752473
30,0.004928423
31,0.004728288
32,0.004749304
33,0.004832315
34,0.004720095
35,0.004701455
36,0.004948135
37,0.004710718
38,0.004725998
39,0.004942893
40,0.004700995
41,0.004690991
42,0.004979246
43,0.004692344
44,0.004710120
45,0.004913446
46,0.004678858
47,0.004727379
48,0.004979510
49,0.004686315
50,0.004753575
51,0.004924922
52,0.004696069
53,0.004733538
54,0.004867605
55,0.004697788
56,0.004732782
57,0.004817480
58,0.004660681
59,0.004727118
60,0.004905455
61,0.004712727
62,0.004724303
63,0.004835213
64,0.004694088
65,0.004725494
66,0.004840668
67,0.004708345
68,0.004730854
69,0.004863051
70,0.004688220
71,0.004728111
72,0.004929774
73,0.004686344
74,0.004734068
75,0.004898780
76,0.004677103
77,0.004706455
78,0.004934114
79,0.004666986
80,0.004699805
81,0.004900715
82,0.004661553
83,0.004671809
84,0.004943690
85,0.004663308
86,0.004755030
87,0.004872048
88,0.004735316
89,0.004698297
90,0.004895186
91,0.004666526
92,0.004696989
93,0.004913134
94,0.004670378
95,0.004699497
96,0.004855296
97,0.004675702
98,0.004682473
99,0.004916223
100,0.004653763
101,0.004804490
102,0.004910751
103,0.004686669
104,0.004736330
105,0.004890134
106,0.004664965
107,0.004673344
108,0.004895050
109,0.004675855
110,0.004669881
111,0.004810679
112,0.004675303
113,0.004746891
114,0.004910121
115,0.004650472
116,0.004724647
117,0.004873522
118,0.004689816
119,0.004697232
120,0.004823970
121,0.004679559
122,0.004705124
123,0.004825040
124,0.004654897
125,0.004733415
126,0.004850527
