0,0.018345232
1,0.017091323
2,0.017199388
3,0.017130748
4,0.017124285
5,0.017719169
6,0.017404238
7,0.017630017
8,0.017771963
9,0.017854752
10,0.017850799
11,0.017807946
12,0.017776883
13,0.018063625
14,0.018055071
15,0.018318252
16,0.018310986
17,0.018490825
18,0.018469821
19,0.018427757
20,0.018112174
21,0.018131566
22,0.018354148
23,0.018349381
24,0.018351086
25,0.018606983
26,0.018480436
27,0.018383614
28,0.018415074
29,0.018417768
30,0.018420674
31,0.018443166
32,0.018585002
33,0.018601215
34,0.018616523
35,0.018654865
36,0.018524616
37,0.018731863
38,0.018509697
39,0.018595689
40,0.018676264
41,0.018768091
42,0.019121871
43,0.019096220
44,0.019525118
45,0.019185427
46,0.019081130
47,0.019196331
48,0.019287722
49,0.019219077
50,0.019395852
51,0.018915805
52,0.019072484
53,0.018970879
54,0.019313680
55,0.019120126
56,0.019145846
57,0.019249251
58,0.019022618
59,0.018907629
60,0.019555902
61,0.019601203
62,0.019441225
63,0.019494646
64,0.019053717
65,0.019642287
66,0.019431530
67,0.019106837
68,0.019254045
69,0.019263704
70,0.019469885
71,0.019481704
72,0.019897973
73,0.020037305
74,0.019768802
75,0.019660179
76,0.019889410
77,0.020101372
78,0.019702833
79,0.019855359
80,0.019966843
81,0.019843357
82,0.020183130
83,0.019909338
84,0.019476311
85,0.019792894
86,0.019438781
87,0.019350870
88,0.019685303
89,0.019771965
90,0.019335763
91,0.019743060
92,0.019920165
93,0.019716835
94,0.019870496
95,0.020273630
96,0.019965170
97,0.019931097
98,0.020124070
99,0.019995578
100,0.019967990
101,0.020206813
102,0.019615059
103,0.019696235
104,0.019690550
105,0.019667224
106,0.019678668
107,0.019769769
108,0.019113632
109,0.019636438
110,0.020067271
111,0.019707600
112,0.019954835
113,0.019787403
114,0.019962098
115,0.019790313
116,0.019605710
117,0.020040960
118,0.019890869
119,0.019806461
120,0.019958899
121,0.019999472
122,0.020226744
123,0.019944268
124,0.019944627
125,0.020327995
126,0.020206165
