0,0.014501716
1,0.014386158
2,0.014320520
3,0.014259924
4,0.014281799
5,0.014558209
6,0.014599770
7,0.014659633
8,0.014706217
9,0.014676587
10,0.014785944
11,0.014778042
12,0.014929107
13,0.014939116
14,0.015016269
15,0.015238777
16,0.015252580
17,0.015598790
18,0.015382762
19,0.015204232
20,0.015046493
21,0.014911178
22,0.015032369
23,0.015228091
24,0.015159460
25,0.015081808
26,0.015203584
27,0.015348714
28,0.015283684
29,0.015200762
30,0.015333722
31,0.015377000
32,0.015196919
33,0.015294516
34,0.015493791
35,0.015235782
36,0.015163958
37,0.015166045
38,0.015226873
39,0.015283716
40,0.015298599
41,0.015242314
42,0.015234802
43,0.015540484
44,0.015287465
45,0.015243470
46,0.015497528
47,0.015433832
48,0.015656941
49,0.015582232
50,0.015895563
51,0.015696551
52,0.015928560
53,0.015773142
54,0.015612107
55,0.015540682
56,0.015577043
57,0.015848769
58,0.016403046
59,0.015848730
60,0.015786139
61,0.015726839
62,0.015743768
63,0.015908803
64,0.015904560
65,0.015816494
66,0.016002303
67,0.016083909
68,0.016223729
69,0.016330918
70,0.016342632
71,0.016005196
72,0.016220102
73,0.016329330
74,0.016314958
75,0.016203565
76,0.016236788
77,0.016471974
78,0.016254964
79,0.016185274
80,0.016378801
81,0.016023553
82,0.015967306
83,0.015949951
84,0.015748587
85,0.015868260
86,0.016164023
87,0.015990457
88,0.016015477
89,0.016324631
90,0.016297313
91,0.016291702
92,0.016105176
93,0.016313297
94,0.016247343
95,0.016268965
96,0.016090594
97,0.016096608
98,0.016165825
99,0.015978150
100,0.016025482
101,0.016261299
102,0.016341436
103,0.016222568
104,0.016137990
105,0.016073587
106,0.016109964
107,0.016129921
108,0.015972649
109,0.016125368
110,0.016293620
111,0.016074637
112,0.016207335
113,0.016375890
114,0.015877063
115,0.016108284
116,0.016197250
117,0.016137994
118,0.016359801
119,0.016348859
120,0.015851694
121,0.016276357
122,0.016350244
123,0.016230579
124,0.016249504
125,0.016438305
126,0.016282968
