0,0.009227078
1,0.009132823
2,0.008457265
3,0.009452159
4,0.009714348
5,0.009774420
6,0.009617112
7,0.009689457
8,0.009527039
9,0.009716076
10,0.009796541
11,0.009747768
12,0.009746136
13,0.009764130
14,0.009741248
15,0.009453215
16,0.009776451
17,0.009679829
18,0.009657218
19,0.009546013
20,0.009540691
21,0.009724320
22,0.009479111
23,0.009557014
24,0.009770490
25,0.009755605
26,0.009542960
27,0.009472570
28,0.009560783
29,0.009578573
30,0.009518036
31,0.009627541
32,0.009516340
33,0.009636641
34,0.009589229
35,0.009747676
36,0.009712436
37,0.009711963
38,0.009622147
39,0.009338584
40,0.009570917
41,0.009404975
42,0.009284941
43,0.009291657
44,0.009587872
45,0.009624207
46,0.009610032
47,0.009620314
48,0.009440910
49,0.009495956
50,0.009662819
51,0.009469628
52,0.009628263
53,0.009507195
54,0.009627139
55,0.009779401
56,0.009695022
57,0.009696117
58,0.009787108
59,0.009731684
60,0.009614443
61,0.009210449
62,0.009718639
63,0.009793016
64,0.009757491
65,0.009674934
66,0.009936554
67,0.009840845
68,0.009541632
69,0.009654408
70,0.009674374
71,0.009435829
72,0.009295704
73,0.009447155
74,0.009654607
75,0.009421986
76,0.009777755
77,0.009549775
78,0.009361450
79,0.009684701
80,0.009677720
81,0.009594862
82,0.009738591
83,0.009575760
84,0.009373860
85,0.009560122
86,0.009569551
87,0.009484601
88,0.009764022
89,0.009495861
90,0.009673095
91,0.009657054
92,0.009723330
93,0.009595691
94,0.009641665
95,0.009260476
96,0.009455451
97,0.009615585
98,0.009459649
99,0.009629164
100,0.009796068
101,0.009527761
102,0.009611273
103,0.009741649
104,0.009887255
105,0.009890747
106,0.009779376
107,0.009674665
108,0.009645511
109,0.009549605
110,0.009652005
111,0.009501296
112,0.009650238
113,0.009267605
114,0.009288507
115,0.009518300
116,0.009444680
117,0.009790448
118,0.009584714
119,0.009410860
120,0.009317461
121,0.009236279
122,0.009437985
123,0.009271080
124,0.009613412
125,0.009653956
126,0.009481950
