0,0.017471404
1,0.017093725
2,0.016750913
3,0.016798885
4,0.017000590
5,0.017123603
6,0.017167977
7,0.017237787
8,0.017283345
9,0.017251015
10,0.017423351
11,0.017572737
12,0.017659236
13,0.017560661
14,0.017738629
15,0.017902335
16,0.017919454
17,0.017990040
18,0.017830505
19,0.017752261
20,0.017798269
21,0.017817125
22,0.017761850
23,0.017874038
24,0.017905674
25,0.017889357
26,0.017924221
27,0.017887572
28,0.017892654
29,0.018091921
30,0.017916170
31,0.018006080
32,0.018125735
33,0.017913564
34,0.018127061
35,0.018135432
36,0.017912447
37,0.018049570
38,0.018567068
39,0.018041526
40,0.018025510
41,0.017960562
42,0.018015194
43,0.017857690
44,0.017959380
45,0.018209809
46,0.018131582
47,0.018296965
48,0.018293549
49,0.018413024
50,0.018441105
51,0.018225564
52,0.018340053
53,0.018590682
54,0.018277388
55,0.018383415
56,0.018408093
57,0.018897376
58,0.018681968
59,0.018652567
60,0.018601284
61,0.018586818
62,0.018752223
63,0.018523353
64,0.018761122
65,0.018716102
66,0.018747586
67,0.018802780
68,0.018517871
69,0.018543691
70,0.018814073
71,0.018710964
72,0.018479788
73,0.018711304
74,0.019032530
75,0.018964417
76,0.019075611
77,0.018841606
78,0.018828219
79,0.018888627
80,0.018713017
81,0.018864919
82,0.018779241
83,0.019068676
84,0.018772348
85,0.018493329
86,0.018687734
87,0.018635786
88,0.018716723
89,0.018942540
90,0.018831463
91,0.018629260
92,0.018894552
93,0.018740037
94,0.018585820
95,0.018824455
96,0.018966337
97,0.018930654
98,0.018969311
99,0.019038852
100,0.019176064
101,0.019093020
102,0.018706412
103,0.018940154
104,0.018857448
105,0.018791308
106,0.018804640
107,0.018823584
108,0.018739460
109,0.018780315
110,0.018848006
111,0.019232835
112,0.019245198
113,0.019259541
114,0.018921517
115,0.018723674
116,0.019185731
117,0.019255730
118,0.019050126
119,0.018806795
120,0.018833599
121,0.018992740
122,0.019262086
123,0.019092134
124,0.019013839
125,0.019176122
126,0.019172294
