0,0.017166887
1,0.016536910
2,0.016146402
3,0.016396739
4,0.016413133
5,0.016587153
6,0.016966315
7,0.016961541
8,0.016861473
9,0.016759477
10,0.017003372
11,0.017095297
12,0.017061165
13,0.016933442
14,0.017236449
15,0.017211194
16,0.017047413
17,0.017203816
18,0.017270109
19,0.017089121
20,0.017262581
21,0.017266685
22,0.017285339
23,0.017314812
24,0.017214111
25,0.017031680
26,0.017274215
27,0.017187217
28,0.017234963
29,0.017304773
30,0.017479070
31,0.017437057
32,0.017550760
33,0.017483700
34,0.017702586
35,0.017741464
36,0.017735118
37,0.017516775
38,0.017669880
39,0.017524055
40,0.017107288
41,0.017439422
42,0.017396672
43,0.017308424
44,0.017454121
45,0.017531866
46,0.018017006
47,0.017621796
48,0.017494806
49,0.017463789
50,0.017844872
51,0.018107593
52,0.017613713
53,0.017791028
54,0.017636012
55,0.017757991
56,0.017831369
57,0.017687297
58,0.017710774
59,0.017816236
60,0.017853112
61,0.017819665
62,0.017867591
63,0.017892198
64,0.017721559
65,0.018039241
66,0.017841783
67,0.017945791
68,0.018041721
69,0.017881645
70,0.018196778
71,0.018318416
72,0.017973861
73,0.017919819
74,0.017883800
75,0.018026656
76,0.018040279
77,0.018156293
78,0.017939731
79,0.017808669
80,0.017824847
81,0.017910765
82,0.018240326
83,0.018263025
84,0.017945216
85,0.018012817
86,0.017910994
87,0.017989149
88,0.017918293
89,0.018042561
90,0.018387061
91,0.018203651
92,0.018260994
93,0.018221024
94,0.018362276
95,0.018639495
96,0.018319140
97,0.018116130
98,0.018092443
99,0.018219549
100,0.018283538
101,0.018197431
102,0.018400669
103,0.018286380
104,0.018213381
105,0.018289385
106,0.018267741
107,0.018848330
108,0.018460391
109,0.018357736
110,0.018100455
111,0.018265876
112,0.018257129
113,0.018526276
114,0.019266352
115,0.018403111
116,0.018414228
117,0.018553500
118,0.018408220
119,0.018378366
120,0.018610414
121,0.018221332
122,0.018111108
123,0.018083735
124,0.018200651
125,0.018561912
126,0.018422203
