0,0.012520301
1,0.012218160
2,0.012024852
3,0.012015170
4,0.012428146
5,0.012376878
6,0.012453665
7,0.012826509
8,0.013027606
9,0.012867416
10,0.012949296
11,0.012964325
12,0.013186569
13,0.013640773
14,0.013354401
15,0.013121851
16,0.012965851
17,0.013392162
18,0.012900583
19,0.013350426
20,0.013326524
21,0.013076356
22,0.013151876
23,0.012958789
24,0.013228411
25,0.013501479
26,0.013591501
27,0.013146343
28,0.013742824
29,0.013617235
30,0.013615930
31,0.013566253
32,0.013437877
33,0.013299384
34,0.013839115
35,0.013928297
36,0.013858179
37,0.013965846
38,0.014035881
39,0.013862708
40,0.013754979
41,0.013758260
42,0.013844142
43,0.013186597
44,0.013640351
45,0.013761279
46,0.013760551
47,0.013844215
48,0.014079693
49,0.013773571
50,0.013973335
51,0.013980182
52,0.013982827
53,0.013985728
54,0.013985490
55,0.014091677
56,0.013556759
57,0.013807642
58,0.014119914
59,0.014402710
60,0.014199094
61,0.014150952
62,0.014075608
63,0.014050808
64,0.014099770
65,0.014257758
66,0.014233169
67,0.014129120
68,0.014520133
69,0.014266869
70,0.014070270
71,0.014206208
72,0.014236078
73,0.014074691
74,0.014447593
75,0.014145262
76,0.013541255
77,0.014115924
78,0.013547134
79,0.013817469
80,0.013301973
81,0.013763375
82,0.014081476
83,0.014077753
84,0.013901289
85,0.013965354
86,0.014047622
87,0.013691178
88,0.013655549
89,0.013679289
90,0.014007162
91,0.013785624
92,0.014012104
93,0.014009492
94,0.013712584
95,0.013672528
96,0.013950811
97,0.013908269
98,0.014020550
99,0.014028525
100,0.014210972
101,0.014121604
102,0.013834966
103,0.014158806
104,0.014161210
105,0.013619116
106,0.014426879
107,0.014332877
108,0.014191587
109,0.014117564
110,0.014073589
111,0.014018176
112,0.014024833
113,0.014824972
114,0.014438225
115,0.014243444
116,0.014388944
117,0.014429238
118,0.014621755
119,0.014230346
120,0.014031839
121,0.014221348
122,0.014264011
123,0.014245846
124,0.014190216
125,0.014121227
126,0.014115595
