0,0.007500482
1,0.007123485
2,0.007220116
3,0.007656219
4,0.007503804
5,0.008009084
6,0.008067201
7,0.008158073
8,0.008169039
9,0.008122909
10,0.008231854
11,0.008307179
12,0.008363612
13,0.008335730
14,0.008228292
15,0.008163527
16,0.008170805
17,0.008305097
18,0.008460897
19,0.008234506
20,0.008442286
21,0.008286453
22,0.008216199
23,0.008276840
24,0.008320574
25,0.008142707
26,0.008421548
27,0.008529292
28,0.008028083
29,0.008349213
30,0.008513853
31,0.008291871
32,0.008308092
33,0.008455780
34,0.008248463
35,0.008211068
36,0.008221895
37,0.008370920
38,0.008484420
39,0.008355357
40,0.008307578
41,0.007976096
42,0.008276318
43,0.008048994
44,0.008116978
45,0.008120050
46,0.008066114
47,0.008182697
48,0.008461640
49,0.008337627
50,0.008333479
51,0.008415973
52,0.008339070
53,0.008313819
54,0.008463885
55,0.008403595
56,0.008252619
57,0.008343713
58,0.008391553
59,0.008253540
60,0.008256623
61,0.008301149
62,0.008381893
63,0.008378494
64,0.008521929
65,0.008411415
66,0.008091324
67,0.008326621
68,0.008052356
69,0.008337605
70,0.008269286
71,0.008338047
72,0.008431989
73,0.008333479
74,0.008698304
75,0.008579089
76,0.008234198
77,0.008221357
78,0.008538706
79,0.008213782
80,0.008313850
81,0.008461242
82,0.008248729
83,0.008430514
84,0.008413343
85,0.008296614
86,0.008382585
87,0.008385632
88,0.008269585
89,0.008348188
90,0.008194185
91,0.008197928
92,0.008362374
93,0.008457108
94,0.008405240
95,0.008450902
96,0.008293012
97,0.008230884
98,0.008268492
99,0.008433382
100,0.008257855
101,0.008304156
102,0.008401468
103,0.008034344
104,0.008459896
105,0.008317147
106,0.008283777
107,0.008121433
108,0.008292205
109,0.008428158
110,0.008578682
111,0.008427060
112,0.008406968
113,0.008238755
114,0.008713387
115,0.008260685
116,0.008347470
117,0.008411614
118,0.008242060
119,0.007990673
120,0.008431765
121,0.008236621
122,0.007996180
123,0.008531128
124,0.008201693
125,0.008233815
126,0.008396553
