0,0.010522561
1,0.009375083
2,0.009382829
3,0.009688910
4,0.010121904
5,0.010317782
6,0.010632641
7,0.010575371
8,0.010699192
9,0.010586950
10,0.010511338
11,0.010816401
12,0.010591102
13,0.010430264
14,0.010804729
15,0.010539260
16,0.010745097
17,0.010717625
18,0.010651631
19,0.010526159
20,0.010709927
21,0.010681851
22,0.010383658
23,0.010530938
24,0.010406327
25,0.010440454
26,0.010804488
27,0.010604005
28,0.010650783
29,0.010875541
30,0.010517811
31,0.010615685
32,0.010777905
33,0.010338978
34,0.010566133
35,0.010598698
36,0.010203711
37,0.010359531
38,0.010670024
39,0.010446570
40,0.010210400
41,0.010236972
42,0.010211587
43,0.010112035
44,0.010340022
45,0.010458373
46,0.010505195
47,0.010497576
48,0.010403725
49,0.010138315
50,0.010291606
51,0.010183089
52,0.010254483
53,0.010551181
54,0.010303891
55,0.010564028
56,0.010239297
57,0.010180971
58,0.010273818
59,0.010378842
60,0.010260375
61,0.010252692
62,0.010471836
63,0.010545388
64,0.010753983
65,0.010715207
66,0.010656270
67,0.010472198
68,0.010559076
69,0.010696117
70,0.010508648
71,0.010872840
72,0.010427676
73,0.010379479
74,0.010821228
75,0.010572709
76,0.009916822
77,0.010615544
78,0.010450082
79,0.010410615
80,0.010526428
81,0.010359749
82,0.010444780
83,0.010617363
84,0.010429740
85,0.010209684
86,0.010297365
87,0.010206871
88,0.010266366
89,0.010741796
90,0.010655133
91,0.010480872
92,0.010619778
93,0.010427454
94,0.010471142
95,0.010730432
96,0.010456888
97,0.010261242
98,0.010570687
99,0.010557598
100,0.010659925
101,0.010933313
102,0.010467554
103,0.010405675
104,0.010729429
105,0.010606225
106,0.010603155
107,0.010579073
108,0.010373088
109,0.010641257
110,0.010978848
111,0.010943877
112,0.010565153
113,0.010783251
114,0.010737030
115,0.010424957
116,0.010570497
117,0.010530913
118,0.010448571
119,0.010637572
120,0.010496680
121,0.010367055
122,0.010442263
123,0.010572537
124,0.010347306
125,0.010784526
126,0.010491267
