0,0.013894325
1,0.013432332
2,0.013393948
3,0.013507511
4,0.013644359
5,0.013695884
6,0.013846687
7,0.014120510
8,0.014164371
9,0.014036489
10,0.014202556
11,0.014195212
12,0.014370745
13,0.014386123
14,0.014686208
15,0.014361327
16,0.014456805
17,0.014607583
18,0.014323957
19,0.014767922
20,0.014936505
21,0.014671090
22,0.014559441
23,0.014674311
24,0.014527807
25,0.014675218
26,0.014791683
27,0.014757665
28,0.014654223
29,0.014891421
30,0.014858100
31,0.014654661
32,0.014805198
33,0.014908051
34,0.014966125
35,0.014808628
36,0.014958618
37,0.014819212
38,0.014911919
39,0.014773655
40,0.014940572
41,0.015041556
42,0.015194679
43,0.015271074
44,0.015171219
45,0.015059919
46,0.015442177
47,0.015077828
48,0.014997765
49,0.015267581
50,0.015321948
51,0.015353182
52,0.015469674
53,0.015422419
54,0.015498951
55,0.015331252
56,0.015529669
57,0.015328619
58,0.015291249
59,0.015419896
60,0.015540290
61,0.015646307
62,0.015576453
63,0.015357391
64,0.015529858
65,0.015627764
66,0.015706249
67,0.015764364
68,0.015588043
69,0.015762020
70,0.015652794
71,0.015599295
72,0.015503904
73,0.015657942
74,0.015772199
75,0.015513258
76,0.015483868
77,0.015587256
78,0.015719899
79,0.015505440
80,0.015711848
81,0.015509932
82,0.015420768
83,0.015492758
84,0.015626922
85,0.015733980
86,0.015675058
87,0.015887845
88,0.016058769
89,0.015867812
90,0.015900121
91,0.015764547
92,0.015464765
93,0.015501806
94,0.015490372
95,0.015587629
96,0.015656891
97,0.015612101
98,0.015611199
99,0.015596005
100,0.015597606
101,0.015614745
102,0.015678240
103,0.015750579
104,0.015736276
105,0.015763194
106,0.015646432
107,0.015503913
108,0.015417655
109,0.015602028
110,0.015452718
111,0.015693434
112,0.015589015
113,0.015762672
114,0.015837332
115,0.015762872
116,0.015604252
117,0.015613575
118,0.015729590
119,0.015793555
120,0.015530505
121,0.015747945
122,0.015619026
123,0.015328069
124,0.015253437
125,0.015365888
126,0.015505333
