0,0.014679965
1,0.014179144
2,0.013586713
3,0.013553118
4,0.013746146
5,0.013953014
6,0.014117017
7,0.014277510
8,0.014476398
9,0.014535009
10,0.014406107
11,0.014373407
12,0.014521249
13,0.014645958
14,0.014515796
15,0.014779252
16,0.014783975
17,0.014708944
18,0.014855302
19,0.015075952
20,0.014937682
21,0.014724436
22,0.014898380
23,0.014782952
24,0.014834858
25,0.014880796
26,0.014668149
27,0.014775941
28,0.014875829
29,0.014858669
30,0.014958046
31,0.014931305
32,0.015152365
33,0.015472481
34,0.015368558
35,0.015543091
36,0.015396374
37,0.015583549
38,0.015413424
39,0.015599486
40,0.015697386
41,0.015802656
42,0.015619866
43,0.015735833
44,0.015721238
45,0.015398757
46,0.015699095
47,0.016098880
48,0.016059850
49,0.016032946
50,0.018043325
51,0.016102321
52,0.016091622
53,0.015842957
54,0.015799354
55,0.015927709
56,0.015849501
57,0.016098940
58,0.015857917
59,0.015956231
60,0.016138255
61,0.015580216
62,0.015976477
63,0.016015448
64,0.015836494
65,0.016092476
66,0.016219010
67,0.016078694
68,0.015820878
69,0.016153157
70,0.016118394
71,0.015987892
72,0.015876925
73,0.016102540
74,0.016124491
75,0.016180518
76,0.016129057
77,0.016202027
78,0.016339639
79,0.016368825
80,0.016320116
81,0.016452196
82,0.016285581
83,0.016316647
84,0.016031645
85,0.016284662
86,0.016244132
87,0.016211313
88,0.016176499
89,0.016010426
90,0.016011381
91,0.016341972
92,0.016329552
93,0.016537697
94,0.016328492
95,0.016435843
96,0.016352193
97,0.016345929
98,0.016437972
99,0.016294782
100,0.016680766
101,0.016842859
102,0.016391804
103,0.016610723
104,0.016857307
105,0.016904305
106,0.016423331
107,0.016516506
108,0.016597697
109,0.016560026
110,0.016505504
111,0.016782734
112,0.016600217
113,0.016781835
114,0.016884997
115,0.016633188
116,0.017040362
117,0.016796051
118,0.016158456
119,0.016550524
120,0.016495174
121,0.016323398
122,0.016518108
123,0.016731291
124,0.016435153
125,0.016637097
126,0.016434579
