0,0.023932710
1,0.022322349
2,0.021722586
3,0.021697970
4,0.021886380
5,0.021794726
6,0.021787065
7,0.021919231
8,0.021934238
9,0.021820038
10,0.021856373
11,0.021949051
12,0.021967095
13,0.022007674
14,0.022112685
15,0.022317486
16,0.022193798
17,0.022175946
18,0.022278232
19,0.022369149
20,0.022344895
21,0.022288364
22,0.022286587
23,0.022351093
24,0.022390975
25,0.022469755
26,0.022520841
27,0.022521902
28,0.022494635
29,0.022535682
30,0.022447959
31,0.022464034
32,0.022753743
33,0.022577584
34,0.022609133
35,0.022581131
36,0.022751051
37,0.022598047
38,0.022859083
39,0.022750844
40,0.022900100
41,0.022794774
42,0.022695536
43,0.022766829
44,0.022727003
45,0.022667423
46,0.022764423
47,0.022810065
48,0.022696142
49,0.022829893
50,0.022724860
51,0.022891657
52,0.022926332
53,0.022929139
54,0.022859048
55,0.022896246
56,0.023163032
57,0.023094071
58,0.022962900
59,0.022990068
60,0.023216470
61,0.023116576
62,0.023070916
63,0.023041165
64,0.023631173
65,0.023192945
66,0.023102451
67,0.023193582
68,0.023349592
69,0.023106473
70,0.023311036
71,0.023301344
72,0.023158118
73,0.023288329
74,0.023339663
75,0.023247407
76,0.023239980
77,0.023375899
78,0.023165236
79,0.023376668
80,0.023327761
81,0.023123684
82,0.023243684
83,0.023213997
84,0.023323064
85,0.023381106
86,0.023429880
87,0.023185760
88,0.023378831
89,0.023346270
90,0.023314601
91,0.023220821
92,0.023384003
93,0.023305450
94,0.023337071
95,0.023145453
96,0.023427282
97,0.023413431
98,0.023460357
99,0.023393858
100,0.023441421
101,0.023573359
102,0.023292722
103,0.023601935
104,0.023695020
105,0.023602029
106,0.023466052
107,0.023596801
108,0.023742580
109,0.023645877
110,0.023777416
111,0.023589457
112,0.023488564
113,0.023687072
114,0.023579430
115,0.023653344
116,0.023857067
117,0.023797355
118,0.023709091
119,0.023617263
120,0.023689497
121,0.023517298
122,0.023661973
123,0.023514295
124,0.023549614
125,0.023902022
126,0.023471181
