0,0.022807043
1,0.020897444
2,0.020849780
3,0.020896239
4,0.020882689
5,0.021160675
6,0.021118289
7,0.021480450
8,0.021706133
9,0.021454798
10,0.021518428
11,0.021542361
12,0.021596453
13,0.021953995
14,0.022045207
15,0.022294437
16,0.022293470
17,0.022278149
18,0.022398027
19,0.022764560
20,0.022853475
21,0.022648136
22,0.022629555
23,0.022924746
24,0.022635455
25,0.022579551
26,0.022817944
27,0.022952386
28,0.022889246
29,0.022763693
30,0.022576916
31,0.022590102
32,0.022855417
33,0.022783649
34,0.022959256
35,0.022953486
36,0.022758334
37,0.022932245
38,0.022767204
39,0.022787723
40,0.022914860
41,0.023086021
42,0.023229984
43,0.023144838
44,0.023299175
45,0.023156325
46,0.023205735
47,0.023371955
48,0.023273984
49,0.023149848
50,0.023070671
51,0.023164883
52,0.023304013
53,0.023405583
54,0.023194347
55,0.023149547
56,0.023269715
57,0.022989889
58,0.023218459
59,0.023182231
60,0.023324766
61,0.023279186
62,0.023217011
63,0.023462191
64,0.023718391
65,0.023832915
66,0.023626927
67,0.023727943
68,0.023533508
69,0.023807620
70,0.023844872
71,0.023612978
72,0.023693576
73,0.023731810
74,0.023568345
75,0.024138568
76,0.023939702
77,0.023797502
78,0.023844026
79,0.023725788
80,0.023565309
81,0.023831716
82,0.023883650
83,0.023823158
84,0.023725758
85,0.023988070
86,0.023861913
87,0.023913854
88,0.023881935
89,0.023943086
90,0.023670286
91,0.023818276
92,0.023818415
93,0.023910165
94,0.023574507
95,0.023795328
96,0.023785353
97,0.023788913
98,0.023975357
99,0.023756273
100,0.023848203
101,0.023800124
102,0.023859943
103,0.023866089
104,0.023914128
105,0.023934735
106,0.024116990
107,0.024057325
108,0.024048596
109,0.024034964
110,0.023954133
111,0.023958451
112,0.024208774
113,0.024221315
114,0.024212022
115,0.024095417
116,0.024028816
117,0.024044335
118,0.024113201
119,0.024132801
120,0.024083722
121,0.024246452
122,0.024232953
123,0.024193915
124,0.024430549
125,0.024210911
126,0.024013215
