0,0.059809685
1,0.056473494
2,0.056385994
3,0.056380749
4,0.056288242
5,0.056371927
6,0.056582212
7,0.056417704
8,0.056339025
9,0.056507111
10,0.056281328
11,0.056318045
12,0.056480885
13,0.056325197
14,0.056613684
15,0.056476355
16,0.056343317
17,0.056418180
18,0.056292534
19,0.056518078
20,0.056936026
21,0.056717634
22,0.057532072
23,0.056541443
24,0.056516647
25,0.056551456
26,0.056365490
27,0.056418419
28,0.056469440
29,0.056378365
30,0.056452751
31,0.056504965
32,0.056431055
33,0.056448698
34,0.056542397
35,0.056351423
36,0.056350946
37,0.056452990
38,0.056497574
39,0.056469679
40,0.056479454
41,0.056225061
42,0.056508064
43,0.056637764
44,0.056541920
45,0.056572199
46,0.056446075
47,0.056662321
48,0.056457281
49,0.056394339
50,0.056739569
51,0.056665897
52,0.056233168
53,0.056588888
54,0.056620121
55,0.056597710
56,0.056581736
57,0.056520462
58,0.056363344
59,0.056589127
60,0.056604147
61,0.057164431
62,0.056653023
63,0.056525230
64,0.056848526
65,0.056771517
66,0.056380033
67,0.056840181
68,0.056622505
69,0.056631804
70,0.056689262
71,0.056474447
72,0.056834698
73,0.057583332
74,0.056581736
75,0.056303501
76,0.056686163
77,0.057304144
78,0.057291031
79,0.056703329
80,0.056658268
81,0.056502581
82,0.056954861
83,0.056791306
84,0.056855202
85,0.056743145
86,0.057568073
87,0.056920290
88,0.056734562
89,0.057439089
90,0.056604862
91,0.056778193
92,0.056710005
93,0.056659698
94,0.056655645
95,0.056860924
96,0.056650877
97,0.057096958
98,0.056746960
99,0.056602001
100,0.057378054
101,0.057491541
102,0.057275057
103,0.056855679
104,0.056759357
105,0.056866169
106,0.056895971
107,0.056720018
108,0.057026863
109,0.056962967
110,0.056757927
111,0.056947708
112,0.056948423
113,0.056967497
114,0.056964636
115,0.056948423
116,0.057093143
117,0.057106495
118,0.056668043
119,0.057044506
120,0.056984901
121,0.057476759
122,0.056970119
123,0.057008266
124,0.056995869
125,0.057117939
126,0.057806492
