0,0.022497654
1,0.020638466
2,0.025561333
3,0.020719767
4,0.020595789
5,0.020579100
6,0.020537376
7,0.020642281
8,0.020585537
9,0.020553112
10,0.020549059
11,0.020560980
12,0.020493031
13,0.020494699
14,0.020529270
15,0.020566702
16,0.020537138
17,0.020524502
18,0.020526886
19,0.020534754
20,0.020533323
21,0.020525932
22,0.020536900
23,0.020555973
24,0.020528793
25,0.020564556
26,0.020554066
27,0.020524025
28,0.024812698
29,0.022207260
30,0.020645142
31,0.020577431
32,0.020564079
33,0.020523787
34,0.020566702
35,0.020587444
36,0.020572662
37,0.020598888
38,0.020586491
39,0.020570517
40,0.020561218
41,0.020526409
42,0.027647495
43,0.024350166
44,0.020811081
45,0.020649433
46,0.020554781
47,0.020600319
48,0.020555019
49,0.020526171
50,0.020548820
51,0.020530224
52,0.020537138
53,0.020558834
54,0.020524979
55,0.020534992
56,0.020545959
57,0.020513535
58,0.020542383
59,0.020567656
60,0.020597219
61,0.020552158
62,0.020566225
63,0.020527363
64,0.020561218
65,0.020572186
66,0.020519495
67,0.020563364
68,0.020535469
69,0.020563602
70,0.020541906
71,0.020558357
72,0.020556688
73,0.020529747
74,0.020520687
75,0.020559072
76,0.020519257
77,0.020505428
78,0.020515203
79,0.020531893
80,0.020533800
81,0.020506859
82,0.020525455
83,0.020532846
84,0.020564318
85,0.020597696
86,0.020537138
87,0.020553350
88,0.020551443
89,0.020529509
90,0.020596743
91,0.020524025
92,0.020508528
93,0.020564795
94,0.020540476
95,0.020562410
96,0.020570040
97,0.020583153
98,0.020547628
99,0.020543337
100,0.021376371
101,0.021921396
102,0.020606995
103,0.020579576
104,0.020590544
105,0.020553350
106,0.020566702
107,0.020549536
108,0.020559072
109,0.020542860
110,0.020579576
111,0.020558834
112,0.020525694
113,0.020591736
114,0.020527601
115,0.020583153
116,0.020520449
117,0.020564795
118,0.020534992
119,0.020530701
120,0.020524502
121,0.020760059
122,0.020529270
123,0.020512342
124,0.020514250
125,0.020522833
126,0.020522594
127,0.020556688
128,0.020531416
129,0.020543814
130,0.020581484
131,0.020537615
132,0.020530701
133,0.020536184
134,0.020545006
135,0.020537615
136,0.020577431
137,0.020557165
138,0.020511866
139,0.020556211
140,0.020523787
141,0.020592928
142,0.020540237
143,0.020519257
144,0.020511866
145,0.020539761
146,0.020532608
147,0.020537853
148,0.020543575
149,0.020667315
150,0.020555258
151,0.020515919
152,0.020530701
153,0.020519018
154,0.020527363
155,0.020525694
156,0.020552874
157,0.020574570
158,0.020570278
159,0.020614624
160,0.020561695
161,0.020526409
162,0.020536661
163,0.020542145
164,0.020596504
165,0.020558596
166,0.020560265
167,0.020568371
168,0.020545483
169,0.020531654
170,0.020519257
171,0.020533323
172,0.020535231
173,0.020531178
174,0.020519972
175,0.020531178
176,0.022772312
177,0.020549297
178,0.020574331
179,0.020533562
180,0.020719528
181,0.020547390
182,0.020545006
183,0.020584822
184,0.020534039
185,0.020548105
186,0.020525217
187,0.021033525
188,0.020564318
189,0.020529509
190,0.020502329
191,0.020545244
192,0.020568848
193,0.020570040
194,0.020527601
195,0.020592213
196,0.020513773
197,0.020561457
198,0.020704746
199,0.020528793
200,0.020525217
201,0.020518064
202,0.020899534
203,0.020571947
204,0.020528078
205,0.020532131
206,0.020510912
207,0.020518064
208,0.020672083
209,0.020530224
210,0.020662069
211,0.020551443
212,0.020546198
213,0.020564795
214,0.020536184
215,0.020546913
216,0.020521641
217,0.020550489
218,0.020581961
219,0.025866032
220,0.020537138
221,0.020590305
222,0.020514250
223,0.020575285
224,0.020529985
225,0.020522118
226,0.020555019
227,0.020545483
228,0.020541906
229,0.020564079
230,0.020532131
231,0.020576000
232,0.021289825
233,0.020531893
234,0.020534754
235,0.020565748
236,0.020572186
237,0.020590067
238,0.020546675
239,0.020555973
240,0.020494461
241,0.020563841
242,0.021262884
243,0.020541191
244,0.020543814
245,0.020637512
246,0.020560503
247,0.020560980
248,0.020586491
249,0.020527124
250,0.020517826
251,0.020538568
252,0.020547152
253,0.020521641
254,0.020547867
