0,0.055164337
1,0.052647591
2,0.051548004
3,0.052672625
4,0.051297426
5,0.051754951
6,0.051423788
7,0.051910400
8,0.051607847
9,0.051704168
10,0.051804543
11,0.051958323
12,0.051867008
13,0.051855326
14,0.051952362
15,0.051556826
16,0.051949263
17,0.051619530
18,0.052200794
19,0.051637411
20,0.052011490
21,0.051833868
22,0.052049637
23,0.053325891
24,0.051892757
25,0.051651001
26,0.051890612
27,0.051676273
28,0.051833153
29,0.051695347
30,0.051800013
31,0.051743269
32,0.051841259
33,0.051795721
34,0.051890135
35,0.051741123
36,0.052059650
37,0.052590609
38,0.052126408
39,0.052118063
40,0.051953316
41,0.051980734
42,0.051825523
43,0.052994967
44,0.052237988
45,0.052185297
46,0.052084684
47,0.052363157
48,0.052103519
49,0.053773403
50,0.052076578
51,0.052000761
52,0.052019119
53,0.051974773
54,0.052215576
55,0.052081823
56,0.052126169
57,0.051961899
58,0.052094460
59,0.052031517
60,0.051981449
61,0.052524805
62,0.052011728
63,0.051863670
64,0.052016020
65,0.051920414
66,0.051853657
67,0.051896095
68,0.052181482
69,0.051922560
70,0.052218199
71,0.051913500
72,0.053215265
73,0.052226543
74,0.052299023
75,0.053113937
76,0.052140474
77,0.051985741
78,0.052858591
79,0.051982164
80,0.052394152
81,0.052033663
82,0.052405834
83,0.051828861
84,0.052162170
85,0.052008867
86,0.052077770
87,0.052106142
88,0.052562952
89,0.054528236
90,0.053158760
91,0.052602530
92,0.052252769
93,0.052248716
94,0.053013802
95,0.052073956
96,0.053015709
97,0.052108526
98,0.052353859
99,0.053084135
100,0.052555561
101,0.053277731
102,0.052410603
103,0.052971363
104,0.052305698
105,0.052151442
106,0.052769661
107,0.052093744
108,0.052317381
109,0.052642822
110,0.055341244
111,0.052275896
112,0.052243710
113,0.052304745
114,0.052377939
115,0.052907228
116,0.052242756
117,0.052519798
118,0.052443027
119,0.053923130
120,0.052566528
121,0.052572966
122,0.052359104
123,0.052326202
124,0.052433014
125,0.052262783
126,0.052255392
