0,0.055583239
1,0.050860643
2,0.051615000
3,0.050677538
4,0.051379442
5,0.050670624
6,0.051664591
7,0.050976992
8,0.050794601
9,0.050942659
10,0.050654650
11,0.051504135
12,0.050773382
13,0.051228285
14,0.050932646
15,0.054670334
16,0.051044226
17,0.051220655
18,0.051042557
19,0.051041842
20,0.051159859
21,0.050844669
22,0.051228285
23,0.050782919
24,0.051309824
25,0.050736427
26,0.051261902
27,0.050767183
28,0.051941156
29,0.050763607
30,0.050979853
31,0.051065922
32,0.050932407
33,0.051123619
34,0.050798893
35,0.051261425
36,0.050822973
37,0.051326990
38,0.050863266
39,0.051319838
40,0.050849676
41,0.051505089
42,0.050895214
43,0.051197290
44,0.051090956
45,0.051085234
46,0.051074266
47,0.051714659
48,0.051658630
49,0.050878048
50,0.051549911
51,0.051022768
52,0.051492691
53,0.050925493
54,0.051514626
55,0.050915480
56,0.051223755
57,0.051969290
58,0.052985668
59,0.051548719
60,0.051035404
61,0.051362991
62,0.050945997
63,0.051516533
64,0.050897598
65,0.051491976
66,0.051027536
67,0.051223040
68,0.051347017
69,0.051032305
70,0.051980495
71,0.051008701
72,0.051470995
73,0.050897837
74,0.051383495
75,0.050930023
76,0.051552057
77,0.050960779
78,0.051426411
79,0.051327705
80,0.051269293
81,0.051256895
82,0.051061153
83,0.051634073
84,0.051155567
85,0.051993847
86,0.051123619
87,0.051535606
88,0.051164865
89,0.052497864
90,0.051061153
91,0.051374435
92,0.051459551
93,0.051324844
94,0.051458359
95,0.051075220
96,0.051701307
97,0.051060915
98,0.051536798
99,0.051118374
100,0.051594257
101,0.051101685
102,0.051916361
103,0.051110029
104,0.051213026
105,0.051217079
106,0.051396608
107,0.051393032
108,0.051150799
109,0.051656723
110,0.051436186
111,0.051640511
112,0.051206350
113,0.051701546
114,0.051211834
115,0.051689863
116,0.051237345
117,0.051378965
118,0.051844835
119,0.051508665
120,0.051319838
121,0.051242590
122,0.051760435
123,0.051220417
124,0.051693916
125,0.051264048
126,0.051789999
