0,0.066169977
1,0.063037872
2,0.062494755
3,0.062589169
4,0.062610865
5,0.062707186
6,0.062633991
7,0.062949419
8,0.062597752
9,0.062598467
10,0.062525272
11,0.062589169
12,0.062636137
13,0.062632322
14,0.063105106
15,0.062435150
16,0.062692404
17,0.062585831
18,0.062604904
19,0.062724590
20,0.062647581
21,0.062709808
22,0.062674284
23,0.062655210
24,0.062726259
25,0.062832117
26,0.062682629
27,0.062641382
28,0.063969851
29,0.063249588
30,0.063344479
31,0.062716007
32,0.062680721
33,0.062668562
34,0.062672853
35,0.062640905
36,0.063511610
37,0.062710762
38,0.062812805
39,0.062726974
40,0.062722683
41,0.062904358
42,0.062374115
43,0.063007116
44,0.062765598
45,0.062814236
46,0.062796116
47,0.063128471
48,0.062857389
49,0.062789202
50,0.062884331
51,0.062754154
52,0.062812328
53,0.062835217
54,0.062766314
55,0.062900066
56,0.062859774
57,0.063029289
58,0.062848568
59,0.062803745
60,0.063083410
61,0.062877417
62,0.062857866
63,0.063439369
64,0.063149691
65,0.062943697
66,0.062859774
67,0.063811064
68,0.062977552
69,0.063935757
70,0.062923431
71,0.062975883
72,0.063808203
73,0.062946320
74,0.062924862
75,0.064225197
76,0.063141108
77,0.063028097
78,0.062994480
79,0.062918186
80,0.063112497
81,0.063122272
82,0.063065529
83,0.062952280
84,0.062917948
85,0.062978029
86,0.063065767
87,0.063111067
88,0.063047171
89,0.062972784
90,0.063084841
91,0.063062906
92,0.063068151
93,0.063009501
94,0.063725471
95,0.063072920
96,0.063033819
97,0.063086748
98,0.063247919
99,0.063150883
100,0.063051462
101,0.063024044
102,0.063076735
103,0.063195229
104,0.063180685
105,0.063175201
106,0.063176870
107,0.063156843
108,0.063183069
109,0.063174009
110,0.063158751
111,0.063178062
112,0.063265085
113,0.063163996
114,0.063298225
115,0.063965321
116,0.063250065
117,0.063278913
118,0.063285589
119,0.063269615
120,0.063382149
121,0.063342094
122,0.063356400
123,0.063467979
124,0.063374281
125,0.063391209
126,0.063480854
