0,0.058451176
1,0.055216074
2,0.055235863
3,0.055825710
4,0.058595896
5,0.056231022
6,0.054898500
7,0.056002617
8,0.054919004
9,0.055395842
10,0.055124283
11,0.055633307
12,0.055569410
13,0.055146456
14,0.056203842
15,0.056598902
16,0.055277586
17,0.055118322
18,0.055408239
19,0.055149555
20,0.056329489
21,0.055218697
22,0.055528879
23,0.055161715
24,0.055219173
25,0.055192232
26,0.056298256
27,0.055236816
28,0.055221796
29,0.055190086
30,0.056505680
31,0.055150032
32,0.055138111
33,0.055186987
34,0.055134773
35,0.055211544
36,0.055111408
37,0.055166245
38,0.055162191
39,0.055253744
40,0.055228710
41,0.055893898
42,0.055159330
43,0.055232048
44,0.055099487
45,0.055237293
46,0.055240870
47,0.055220127
48,0.055900097
49,0.055060863
50,0.054945469
51,0.055762053
52,0.055256605
53,0.055233479
54,0.055177927
55,0.055331230
56,0.055192947
57,0.055357456
58,0.055269480
59,0.055177212
60,0.055236578
61,0.055364370
62,0.055299044
63,0.055238962
64,0.055284977
65,0.055401325
66,0.055290937
67,0.055349827
68,0.055262327
69,0.055640936
70,0.056012392
71,0.055439234
72,0.055234432
73,0.057053804
74,0.055248737
75,0.055787086
76,0.055352449
77,0.055987597
78,0.055293322
79,0.057044268
80,0.055322647
81,0.055940390
82,0.055556774
83,0.055526257
84,0.055762768
85,0.056009293
86,0.055700779
87,0.055482388
88,0.055701494
89,0.055381298
90,0.055789232
91,0.056081772
92,0.055426359
93,0.055779219
94,0.055451155
95,0.056630373
96,0.055437326
97,0.055676937
98,0.055489540
99,0.055500507
100,0.055460930
101,0.055540800
102,0.055497408
103,0.055573702
104,0.055453777
105,0.055555820
106,0.055509806
107,0.055620909
108,0.055501938
109,0.055963278
110,0.055411816
111,0.055830240
112,0.055539131
113,0.056061029
114,0.055632591
115,0.056165695
116,0.055521011
117,0.056278944
118,0.055711508
119,0.057292938
120,0.055627108
121,0.056498528
122,0.056831598
123,0.055767298
124,0.055617332
125,0.056055069
126,0.055601597
