0,0.060180426
1,0.056996346
2,0.056777000
3,0.057008266
4,0.056694508
5,0.056839705
6,0.057511806
7,0.056942701
8,0.056716204
9,0.056724548
10,0.056684017
11,0.057030678
12,0.057008743
13,0.056798220
14,0.057495832
15,0.056583166
16,0.058443785
17,0.056621313
18,0.057145596
19,0.056580067
20,0.057605743
21,0.056583405
22,0.057575464
23,0.056624413
24,0.057107687
25,0.056601524
26,0.057228565
27,0.056587696
28,0.057242632
29,0.057232141
30,0.057190895
31,0.056562185
32,0.057054996
33,0.056588411
34,0.057305813
35,0.056679726
36,0.057233095
37,0.056603670
38,0.057260513
39,0.056833029
40,0.057027102
41,0.057152271
42,0.056850910
43,0.057004690
44,0.057159185
45,0.057025909
46,0.056862116
47,0.057104111
48,0.056917429
49,0.057079315
50,0.057023287
51,0.057055473
52,0.057636261
53,0.057110071
54,0.056908369
55,0.057151556
56,0.056945801
57,0.057132959
58,0.056928873
59,0.057634115
60,0.056955814
61,0.057192326
62,0.056987762
63,0.057227373
64,0.057332039
65,0.056922913
66,0.057316065
67,0.056799650
68,0.057448626
69,0.056766510
70,0.057289600
71,0.056857109
72,0.057520628
73,0.056933641
74,0.057308912
75,0.058173895
76,0.057509661
77,0.057082176
78,0.057388306
79,0.056837082
80,0.057403326
81,0.056931257
82,0.057593107
83,0.056887865
84,0.057581902
85,0.056885719
86,0.057517052
87,0.056951046
88,0.057608604
89,0.057408571
90,0.057200909
91,0.057442904
92,0.057573318
93,0.057273865
94,0.057207823
95,0.057459593
96,0.057264328
97,0.057465315
98,0.057272911
99,0.057464361
100,0.057258368
101,0.058216095
102,0.057203770
103,0.057413340
104,0.057296753
105,0.058422089
106,0.057303905
107,0.057347059
108,0.057202578
109,0.057516336
110,0.057267904
111,0.057551146
112,0.057293177
113,0.057496786
114,0.058554649
115,0.057191610
116,0.058380842
117,0.057158232
118,0.057784081
119,0.057085276
120,0.057801008
121,0.057236910
122,0.057869434
123,0.057203531
124,0.057799816
125,0.057190418
126,0.058168650
