0,0.068022490
1,0.061548233
2,0.061052799
3,0.061496735
4,0.060999870
5,0.061285496
6,0.061519384
7,0.061168194
8,0.061501980
9,0.061125040
10,0.061441660
11,0.061537266
12,0.061252356
13,0.061522961
14,0.061102867
15,0.061496496
16,0.061531305
17,0.061169624
18,0.061621666
19,0.061186314
20,0.061404705
21,0.061445236
22,0.061146021
23,0.061612606
24,0.061204195
25,0.061514378
26,0.061363935
27,0.061217785
28,0.061548471
29,0.061141253
30,0.061548710
31,0.061578035
32,0.061217308
33,0.061511517
34,0.061224699
35,0.061875105
36,0.061510563
37,0.061146975
38,0.061491966
39,0.061218023
40,0.061690331
41,0.061555147
42,0.061245918
43,0.061683178
44,0.061761379
45,0.061274767
46,0.061526060
47,0.061346292
48,0.061612129
49,0.061707497
50,0.061335087
51,0.061829090
52,0.061319590
53,0.061812878
54,0.061673641
55,0.061517477
56,0.061655760
57,0.061394215
58,0.061679125
59,0.061770678
60,0.061901331
61,0.061928511
62,0.061415195
63,0.061846972
64,0.061710835
65,0.062998772
66,0.065249681
67,0.062477589
68,0.062724590
69,0.061975002
70,0.061407804
71,0.061758757
72,0.061867952
73,0.061500788
74,0.061949968
75,0.061557531
76,0.062287807
77,0.061896324
78,0.061440706
79,0.061864138
80,0.061486483
81,0.061911345
82,0.061954260
83,0.061901569
84,0.061935663
85,0.062259197
86,0.061542273
87,0.062068701
88,0.061614513
89,0.061887741
90,0.061920404
91,0.061704159
92,0.062098742
93,0.061640978
94,0.061937809
95,0.062161446
96,0.061697483
97,0.061878681
98,0.062299252
99,0.062074661
100,0.062069178
101,0.061738968
102,0.062076092
103,0.061673641
104,0.062729359
105,0.062106133
106,0.061721802
107,0.062073231
108,0.062234163
109,0.061697960
110,0.062159300
111,0.061944246
112,0.062123299
113,0.062631130
114,0.061712742
115,0.062150240
116,0.061868429
117,0.062120199
118,0.062177896
119,0.061814547
120,0.062102795
121,0.061821461
122,0.062051535
123,0.062128782
124,0.061856985
125,0.062283516
126,0.062160492
