0,0.076647043
1,0.072357416
2,0.072924852
3,0.072058916
4,0.072875500
5,0.072031260
6,0.072742701
7,0.072259426
8,0.073364258
9,0.072028160
10,0.072901011
11,0.072175026
12,0.073610067
13,0.072709799
14,0.072965145
15,0.072817326
16,0.075056791
17,0.072444916
18,0.077979565
19,0.072320223
20,0.073125362
21,0.072271109
22,0.072937727
23,0.072238207
24,0.072955132
25,0.072863817
26,0.072992563
27,0.072227240
28,0.073640108
29,0.072246790
30,0.072994947
31,0.072351217
32,0.072903156
33,0.072184324
34,0.072949648
35,0.072511196
36,0.073001623
37,0.072203398
38,0.073053360
39,0.072323799
40,0.072865725
41,0.072393656
42,0.073091984
43,0.072277308
44,0.073118448
45,0.072302341
46,0.073663712
47,0.072433472
48,0.073151588
49,0.072431803
50,0.073165178
51,0.072353601
52,0.073293447
53,0.073543549
54,0.073197365
55,0.072465181
56,0.072921515
57,0.072409391
58,0.073338747
59,0.073325396
60,0.073240042
61,0.072654724
62,0.073221445
63,0.072413206
64,0.073130846
65,0.072805882
66,0.073878288
67,0.072585583
68,0.073300362
69,0.072507381
70,0.073297977
71,0.072523594
72,0.073496342
73,0.072546959
74,0.073164940
75,0.072580814
76,0.073434114
77,0.072681427
78,0.073260546
79,0.072620153
80,0.073501110
81,0.072557449
82,0.073392868
83,0.072718143
84,0.073362350
85,0.072695255
86,0.073389292
87,0.073159933
88,0.073498726
89,0.072606564
90,0.073500156
91,0.072614670
92,0.073517323
93,0.072723866
94,0.073367596
95,0.072680950
96,0.074334860
97,0.072615623
98,0.073476553
99,0.072728395
100,0.073531866
101,0.072762251
102,0.073282957
103,0.072743416
104,0.073451996
105,0.072858572
106,0.073661327
107,0.072808981
108,0.073770523
109,0.072929382
110,0.073755503
111,0.072877645
112,0.073709249
113,0.072888136
114,0.073648691
115,0.075013638
116,0.073752403
117,0.074059010
118,0.074274302
119,0.073173761
120,0.073894739
121,0.073182344
122,0.074575424
123,0.072956800
124,0.073822498
125,0.073095798
126,0.073813915
