0,0.063479424
1,0.059505224
2,0.059610605
3,0.059509039
4,0.059279680
5,0.059755325
6,0.059199333
7,0.059702873
8,0.059151173
9,0.059716702
10,0.059669971
11,0.059334993
12,0.059633970
13,0.059316635
14,0.059623718
15,0.059382439
16,0.059681654
17,0.059593201
18,0.059483051
19,0.059778690
20,0.059351444
21,0.059785366
22,0.059414625
23,0.059683323
24,0.059585094
25,0.059551001
26,0.059765100
27,0.059351683
28,0.060429096
29,0.059398890
30,0.059867620
31,0.059512615
32,0.059685707
33,0.059871197
34,0.059557676
35,0.059794664
36,0.060441017
37,0.059744120
38,0.059442043
39,0.060137033
40,0.059787750
41,0.060950041
42,0.059874535
43,0.059466124
44,0.059769630
45,0.060137033
46,0.059875011
47,0.059483528
48,0.059947014
49,0.060331345
50,0.059480190
51,0.059931278
52,0.059526443
53,0.059906721
54,0.059595585
55,0.059894085
56,0.059839487
57,0.059579134
58,0.059843302
59,0.059530020
60,0.059901714
61,0.059587955
62,0.059913158
63,0.059635162
64,0.059983969
65,0.060084820
66,0.059605837
67,0.059952021
68,0.059536695
69,0.060013056
70,0.059667587
71,0.060007334
72,0.060151100
73,0.059571743
74,0.060050488
75,0.059652090
76,0.060124159
77,0.059705496
78,0.060053349
79,0.060159206
80,0.059850454
81,0.060375690
82,0.059719324
83,0.060299397
84,0.059804916
85,0.060120344
86,0.059910536
87,0.059905052
88,0.059992552
89,0.059789896
90,0.060164928
91,0.059799433
92,0.060153008
93,0.059778929
94,0.060121775
95,0.060462236
96,0.060841799
97,0.060269594
98,0.060528517
99,0.060123920
100,0.059846401
101,0.060247898
102,0.060313225
103,0.059885979
104,0.060236931
105,0.059896469
106,0.060434103
107,0.059868336
108,0.060271025
109,0.060226917
110,0.059937716
111,0.060313940
112,0.059963942
113,0.060360432
114,0.061108351
115,0.059738398
116,0.060252905
117,0.059997082
118,0.060307026
119,0.059985876
120,0.060507774
121,0.060363054
122,0.060418844
123,0.060482264
124,0.060067177
125,0.060400724
126,0.060058355
