0,0.075658083
1,0.068818092
2,0.068076134
3,0.068403721
4,0.068316698
5,0.068016768
6,0.068602800
7,0.068354845
8,0.067883492
9,0.068217278
10,0.068428516
11,0.068175554
12,0.068598747
13,0.069628716
14,0.068196535
15,0.068466902
16,0.068613052
17,0.068722486
18,0.068346500
19,0.068281174
20,0.068783998
21,0.068639040
22,0.068658590
23,0.068200111
24,0.068400860
25,0.068378210
26,0.068533897
27,0.068300962
28,0.068665981
29,0.068547249
30,0.068231583
31,0.068454981
32,0.068698645
33,0.069170475
34,0.068777323
35,0.069670916
36,0.068413258
37,0.068581581
38,0.068596840
39,0.068500280
40,0.068716049
41,0.068493605
42,0.068728209
43,0.068708420
44,0.068436384
45,0.068765640
46,0.069042921
47,0.068523407
48,0.068721771
49,0.068739653
50,0.069141150
51,0.070329189
52,0.068883419
53,0.068609238
54,0.068777323
55,0.068859100
56,0.068464994
57,0.068517447
58,0.068671942
59,0.068649769
60,0.068789005
61,0.069234371
62,0.068478107
63,0.068843842
64,0.068784237
65,0.068783522
66,0.068445683
67,0.069238424
68,0.068949223
69,0.068575382
70,0.068997145
71,0.068854332
72,0.069711447
73,0.068976879
74,0.068861961
75,0.068444490
76,0.068755150
77,0.069954872
78,0.068614244
79,0.069439173
80,0.068799257
81,0.068531036
82,0.069607019
83,0.069091082
84,0.068738699
85,0.069988012
86,0.068999529
87,0.068985939
88,0.068846941
89,0.068782568
90,0.069106102
91,0.068718910
92,0.069106102
93,0.068961859
94,0.069334984
95,0.068934441
96,0.069126129
97,0.068664074
98,0.070571423
99,0.069748640
100,0.068925858
101,0.069135427
102,0.068961859
103,0.068709850
104,0.069090843
105,0.069216013
106,0.069127560
107,0.069100857
108,0.069154978
109,0.068721771
110,0.069195509
111,0.069219351
112,0.068891525
113,0.070287943
114,0.068909407
115,0.069174051
116,0.069016933
117,0.068995953
118,0.069902182
119,0.069514513
120,0.068789959
121,0.069453955
122,0.068944693
123,0.068977833
124,0.068971157
125,0.069262743
126,0.069244385
