0,0.043845415
1,0.040339947
2,0.040399551
3,0.040814161
4,0.040326834
5,0.040717363
6,0.040503263
7,0.040258646
8,0.040681362
9,0.040333748
10,0.040329456
11,0.040773153
12,0.040347099
13,0.040329695
14,0.040750504
15,0.040306330
16,0.040633678
17,0.040392399
18,0.040446997
19,0.040630341
20,0.040351868
21,0.040360212
22,0.040804386
23,0.040305376
24,0.040348291
25,0.040637016
26,0.040211916
27,0.040616274
28,0.040525913
29,0.040326118
30,0.040834188
31,0.040240765
32,0.040333986
33,0.040842295
34,0.040289164
35,0.040297747
36,0.040794849
37,0.040343761
38,0.040512085
39,0.040514231
40,0.040570498
41,0.040837526
42,0.040343046
43,0.040664434
44,0.040772200
45,0.040209770
46,0.040581703
47,0.040715933
48,0.040343523
49,0.040605783
50,0.041173697
51,0.040296316
52,0.040802240
53,0.040326595
54,0.040853977
55,0.040781498
56,0.040346384
57,0.040282726
58,0.040875673
59,0.040418625
60,0.040618181
61,0.040479183
62,0.041320562
63,0.041020632
64,0.040239096
65,0.040439606
66,0.040836811
67,0.040436983
68,0.040390968
69,0.040816545
70,0.040432930
71,0.040727139
72,0.040600777
73,0.040307522
74,0.040892839
75,0.040516853
76,0.040968180
77,0.040811539
78,0.040435314
79,0.040567875
80,0.040843248
81,0.041208744
82,0.040705204
83,0.040629625
84,0.040482759
85,0.041656494
86,0.040360451
87,0.040506363
88,0.040962696
89,0.040528059
90,0.040540218
91,0.041015863
92,0.040478945
93,0.040904284
94,0.040669918
95,0.040480852
96,0.040997982
97,0.040565252
98,0.040570974
99,0.040938616
100,0.040491581
101,0.040455341
102,0.040997267
103,0.040581226
104,0.040781260
105,0.040756702
106,0.040517569
107,0.040901423
108,0.040594101
109,0.040721416
110,0.041015148
111,0.040559053
112,0.040576220
113,0.041033268
114,0.040595531
115,0.040869474
116,0.040680170
117,0.040644646
118,0.041136026
119,0.040509462
120,0.040668488
121,0.041039944
122,0.040553093
123,0.040652037
124,0.041058302
125,0.040645123
126,0.040929794
