0,0.049987555
1,0.047235250
2,0.047146797
3,0.047003984
4,0.047439814
5,0.046982288
6,0.047359228
7,0.046903610
8,0.047345400
9,0.047366858
10,0.047404766
11,0.047031879
12,0.047359467
13,0.047343969
14,0.046982527
15,0.047453165
16,0.047048807
17,0.047630548
18,0.046921015
19,0.048078299
20,0.047367573
21,0.046990633
22,0.047423840
23,0.049010038
24,0.048100948
25,0.047755480
26,0.047306061
27,0.047113895
28,0.047109604
29,0.047454596
30,0.046966553
31,0.047412872
32,0.046984434
33,0.047466040
34,0.047004700
35,0.047167063
36,0.047147512
37,0.046976089
38,0.048171520
39,0.047013283
40,0.047344446
41,0.047014236
42,0.047390461
43,0.046962738
44,0.047009468
45,0.047341824
46,0.046984196
47,0.047634363
48,0.047012329
49,0.047367096
50,0.047124147
51,0.047472715
52,0.047212124
53,0.047141075
54,0.047315359
55,0.047127962
56,0.047519445
57,0.047373295
58,0.047427654
59,0.047174692
60,0.047458172
61,0.048280001
62,0.047611475
63,0.047161102
64,0.047081709
65,0.047526360
66,0.047080517
67,0.048121214
68,0.047142267
69,0.047629833
70,0.047124386
71,0.047566891
72,0.047206879
73,0.047197104
74,0.047490835
75,0.047248602
76,0.047643661
77,0.047184467
78,0.047604322
79,0.047201395
80,0.047408819
81,0.047365427
82,0.047257662
83,0.047490358
84,0.047297478
85,0.047664881
86,0.047241688
87,0.047656775
88,0.047252417
89,0.047261000
90,0.047634602
91,0.047284365
92,0.047711134
93,0.047275543
94,0.047670603
95,0.047300816
96,0.047654390
97,0.047511101
98,0.047292471
99,0.047629595
100,0.047353506
101,0.047784090
102,0.047293425
103,0.047794819
104,0.047353268
105,0.048471451
106,0.047532797
107,0.047421932
108,0.047763348
109,0.047306538
110,0.047871113
111,0.047343254
112,0.047752619
113,0.047351599
114,0.047664404
115,0.047741890
116,0.047343969
117,0.047776699
118,0.047412395
119,0.047827482
120,0.047379017
121,0.048426867
122,0.047346115
123,0.047363043
124,0.047825813
125,0.047476530
126,0.047889233
