0,0.076754332
1,0.071895361
2,0.071902514
3,0.071798563
4,0.072762012
5,0.071787357
6,0.071620464
7,0.071572542
8,0.072484970
9,0.071572542
10,0.072384834
11,0.071834564
12,0.072265148
13,0.071607828
14,0.071748972
15,0.071918488
16,0.071965456
17,0.071820259
18,0.072323561
19,0.071747780
20,0.073318481
21,0.071897030
22,0.072427034
23,0.071913481
24,0.072766304
25,0.071465254
26,0.072868824
27,0.072304726
28,0.071810246
29,0.071972132
30,0.072412729
31,0.072381020
32,0.072111607
33,0.072073698
34,0.072043180
35,0.071966171
36,0.072080612
37,0.071653843
38,0.072128057
39,0.072060585
40,0.072007179
41,0.071994543
42,0.072184801
43,0.072098732
44,0.072110176
45,0.072239876
46,0.071224928
47,0.072005749
48,0.071644545
49,0.072036028
50,0.072193146
51,0.072038174
52,0.072003841
53,0.072052956
54,0.072033644
55,0.072029352
56,0.072233677
57,0.072824478
58,0.073221922
59,0.072363377
60,0.072293520
61,0.072198868
62,0.072220802
63,0.072221279
64,0.073137283
65,0.072420597
66,0.072360277
67,0.072177172
68,0.072262049
69,0.072082520
70,0.072345018
71,0.072337151
72,0.072288513
73,0.072296381
74,0.072133541
75,0.072160244
76,0.072265863
77,0.072289228
78,0.073829412
79,0.072425127
80,0.072230101
81,0.072430134
82,0.072877884
83,0.072480202
84,0.073460579
85,0.072498322
86,0.072859764
87,0.072265148
88,0.072460175
89,0.072523594
90,0.072437525
91,0.072515488
92,0.072443485
93,0.072407722
94,0.072498322
95,0.072442293
96,0.072323322
97,0.072418690
98,0.072412014
99,0.072687864
100,0.072392941
101,0.072458506
102,0.072567225
103,0.072703600
104,0.072510719
105,0.072511435
106,0.072588205
107,0.072553396
108,0.072558403
109,0.072516918
110,0.072537184
111,0.072667599
112,0.072464705
113,0.072735071
114,0.072522402
115,0.072745323
116,0.072695017
117,0.072395802
118,0.073020220
119,0.072496891
120,0.072521210
121,0.072559834
122,0.072670221
123,0.072803736
124,0.072843075
125,0.072713614
126,0.072694540
