0,0.060151100
1,0.056183577
2,0.056605339
3,0.055945873
4,0.056504965
5,0.056323528
6,0.057136536
7,0.056413174
8,0.056382418
9,0.056187153
10,0.056323528
11,0.056473017
12,0.056369543
13,0.056415081
14,0.056427717
15,0.056300640
16,0.056581736
17,0.056198120
18,0.056805611
19,0.056077003
20,0.056725264
21,0.056140423
22,0.056826591
23,0.056135654
24,0.057904243
25,0.056190968
26,0.056842327
27,0.056260109
28,0.056340218
29,0.056564331
30,0.056422710
31,0.056295395
32,0.056342125
33,0.056541920
34,0.056482553
35,0.056590319
36,0.056769609
37,0.056536674
38,0.056923866
39,0.056153774
40,0.056901932
41,0.056187868
42,0.056853533
43,0.056193829
44,0.056778669
45,0.056197882
46,0.056888819
47,0.056596279
48,0.056519270
49,0.056789637
50,0.056571007
51,0.057119846
52,0.056540012
53,0.056584120
54,0.056608438
55,0.056577921
56,0.056604147
57,0.056687117
58,0.056978941
59,0.056300163
60,0.057667494
61,0.056283951
62,0.056754589
63,0.056252718
64,0.056868553
65,0.056663752
66,0.056806326
67,0.056337833
68,0.057523966
69,0.056715965
70,0.056604862
71,0.056742191
72,0.056721687
73,0.057583570
74,0.056729555
75,0.056739092
76,0.056721926
77,0.056726217
78,0.057010412
79,0.056297541
80,0.056841135
81,0.056416988
82,0.056836128
83,0.056382418
84,0.057155132
85,0.056401968
86,0.056916952
87,0.056478262
88,0.057111502
89,0.056753874
90,0.056820631
91,0.056848764
92,0.056757450
93,0.056883812
94,0.056791067
95,0.056762695
96,0.056802511
97,0.056591034
98,0.057053328
99,0.056675911
100,0.057142019
101,0.056490421
102,0.057135105
103,0.056554079
104,0.058153868
105,0.056686640
106,0.057307005
107,0.056623220
108,0.057192564
109,0.056952715
110,0.056896925
111,0.056950331
112,0.056898117
113,0.057031631
114,0.056842566
115,0.056744337
116,0.057172775
117,0.057126284
118,0.057337046
119,0.056621313
120,0.057157516
121,0.057379484
122,0.057376385
123,0.056713104
124,0.057144165
125,0.057119608
126,0.056900501
