0,0.081049204
1,0.075721979
2,0.076153278
3,0.075611353
4,0.076138020
5,0.075879335
6,0.075620890
7,0.076263905
8,0.077407122
9,0.076129675
10,0.076801062
11,0.076073170
12,0.076716661
13,0.075775862
14,0.076774120
15,0.075708151
16,0.076893806
17,0.075789452
18,0.076877832
19,0.075651407
20,0.076920271
21,0.075848103
22,0.077214718
23,0.077708721
24,0.076259375
25,0.076652765
26,0.075983047
27,0.076621771
28,0.077039957
29,0.077172518
30,0.075784206
31,0.076488256
32,0.076012611
33,0.076406956
34,0.076669455
35,0.076709747
36,0.076078653
37,0.077130795
38,0.075967312
39,0.076697588
40,0.075848103
41,0.076580524
42,0.077208519
43,0.076858759
44,0.075918913
45,0.076627016
46,0.075965881
47,0.077428579
48,0.076220036
49,0.076842070
50,0.075891972
51,0.076440096
52,0.076089144
53,0.076346397
54,0.076035500
55,0.076424599
56,0.076292753
57,0.076770067
58,0.076994419
59,0.076990604
60,0.076034307
61,0.076570988
62,0.077283144
63,0.076471090
64,0.076029539
65,0.076532841
66,0.076176405
67,0.076732635
68,0.076119661
69,0.076718807
70,0.076227903
71,0.076886415
72,0.076044798
73,0.076351166
74,0.076125383
75,0.076994419
76,0.076063871
77,0.076783419
78,0.076253176
79,0.076731443
80,0.076231003
81,0.077643394
82,0.076210022
83,0.076849461
84,0.076333046
85,0.076718569
86,0.076524019
87,0.076817513
88,0.076361179
89,0.077064753
90,0.076236010
91,0.077007055
92,0.076235294
93,0.076906681
94,0.076272011
95,0.076935053
96,0.076475620
97,0.077037096
98,0.076294899
99,0.076940060
100,0.076649427
101,0.077956915
102,0.076323748
103,0.077185154
104,0.076550484
105,0.077005386
106,0.076461077
107,0.076987743
108,0.076472759
109,0.077177286
110,0.076258421
111,0.076895237
112,0.076459646
113,0.077197075
114,0.076526642
115,0.077129602
116,0.077404499
117,0.078320980
118,0.076623917
119,0.077337265
120,0.076763868
121,0.077105045
122,0.076503038
123,0.077020168
124,0.076519728
125,0.077237368
126,0.076470137
