0,0.043056250
1,0.034916162
2,0.034614086
3,0.034395456
4,0.034525394
5,0.034989119
6,0.034448147
7,0.034294844
8,0.034442425
9,0.034362078
10,0.034265280
11,0.034584045
12,0.034435272
13,0.034294605
14,0.034439325
15,0.034487247
16,0.034268141
17,0.034565926
18,0.034713030
19,0.034563541
20,0.034229517
21,0.034618139
22,0.034457684
23,0.034322023
24,0.034570456
25,0.034538031
26,0.034276485
27,0.034383297
28,0.034532547
29,0.034324169
30,0.034405947
31,0.034526110
32,0.034230947
33,0.034767389
34,0.036076546
35,0.035003662
36,0.034448624
37,0.034338474
38,0.034601212
39,0.034710169
40,0.034315586
41,0.034335852
42,0.034621954
43,0.034447432
44,0.034306288
45,0.034536123
46,0.034484863
47,0.034685850
48,0.034284353
49,0.034595966
50,0.034502506
51,0.034343719
52,0.034505129
53,0.034519196
54,0.034294844
55,0.039077997
56,0.034470320
57,0.034359932
58,0.034435034
59,0.035578966
60,0.034488916
61,0.034910679
62,0.034334183
63,0.034385920
64,0.034890652
65,0.034453869
66,0.034297466
67,0.034784794
68,0.034551382
69,0.035308361
70,0.034804344
71,0.034529686
72,0.034322023
73,0.034681797
74,0.034671068
75,0.035769701
76,0.034530878
77,0.034356594
78,0.034826756
79,0.034623384
80,0.034372807
81,0.034705162
82,0.034560919
83,0.034904957
84,0.034522295
85,0.034421921
86,0.034489393
87,0.034587860
88,0.034327269
89,0.034663439
90,0.034502029
91,0.034717321
92,0.034612656
93,0.035372257
94,0.034325600
95,0.034705162
96,0.034574032
97,0.034418583
98,0.035496473
99,0.034375429
100,0.035524130
101,0.034826517
102,0.034705639
103,0.034519196
104,0.034354687
105,0.034931183
106,0.034438372
107,0.034436703
108,0.034718752
109,0.034626722
110,0.038125038
111,0.034746408
112,0.034591675
113,0.035089493
114,0.034929991
115,0.034687281
116,0.034450054
117,0.036531210
118,0.034472942
119,0.034510374
120,0.034787178
121,0.034655571
122,0.034403086
123,0.035061836
124,0.034805775
125,0.035023689
126,0.034770012
127,0.034705877
128,0.034439325
129,0.034685373
130,0.034544230
131,0.034522772
132,0.034672737
133,0.034641981
134,0.034411430
135,0.034606457
136,0.035018682
137,0.035122395
138,0.034400225
139,0.034780264
140,0.034491777
141,0.034420967
142,0.034723282
143,0.034758568
144,0.034430504
145,0.034825087
146,0.034624577
147,0.034492970
148,0.034677029
149,0.034677744
150,0.035602093
151,0.034556627
152,0.034455776
153,0.034971476
154,0.034611225
155,0.034524441
156,0.034687757
157,0.034684658
158,0.034422398
159,0.034827709
160,0.034635067
161,0.034514904
162,0.035085201
163,0.034539938
164,0.034460068
165,0.034859657
166,0.034744740
167,0.034348011
168,0.034307480
169,0.035137177
170,0.034476995
171,0.034522057
172,0.034677744
173,0.034699917
174,0.034472942
175,0.035014868
176,0.034671068
177,0.035347700
178,0.034816980
179,0.034693956
180,0.034482479
181,0.034872770
182,0.034654379
183,0.034493446
184,0.034860849
185,0.034681559
186,0.034542799
187,0.034823895
188,0.034724236
189,0.034553766
190,0.034780025
191,0.035147429
192,0.035326958
193,0.034559011
194,0.035127163
195,0.035217524
196,0.034666300
197,0.034558058
198,0.034684896
199,0.034752131
200,0.034533024
201,0.034860373
202,0.034639835
203,0.034449339
204,0.034390688
205,0.034733295
206,0.034744263
207,0.034600973
208,0.034672260
209,0.034809589
210,0.034553289
211,0.034987450
212,0.034709215
213,0.034644842
214,0.034926414
215,0.034729481
216,0.034546852
217,0.034995079
218,0.034628868
219,0.034964085
220,0.034714699
221,0.035976887
222,0.034749985
223,0.034836292
224,0.034573078
225,0.034944296
226,0.034787178
227,0.034653664
228,0.034908056
229,0.034833431
230,0.034631729
231,0.034981012
232,0.034715176
233,0.034633398
234,0.035214663
235,0.034850836
236,0.034571886
237,0.034913301
238,0.034828186
239,0.034699202
240,0.034903288
241,0.034724712
242,0.035172462
243,0.034842491
244,0.035166264
245,0.035272121
246,0.034824133
247,0.035382271
248,0.035048008
249,0.035143137
250,0.034799576
251,0.034693003
252,0.034921646
253,0.034907103
254,0.034606695
