0,0.039343596
1,0.036028147
2,0.035877466
3,0.035995007
4,0.035531759
5,0.035578012
6,0.036098480
7,0.035537481
8,0.035512209
9,0.036523581
10,0.035719156
11,0.035489082
12,0.035993576
13,0.035531521
14,0.035527229
15,0.035947800
16,0.035711527
17,0.035503864
18,0.036019564
19,0.036225796
20,0.035536766
21,0.035745859
22,0.035968065
23,0.035544634
24,0.035525799
25,0.036872864
26,0.035595179
27,0.035508871
28,0.035931587
29,0.035684109
30,0.035593510
31,0.035842419
32,0.035709620
33,0.035538912
34,0.036079884
35,0.035613537
36,0.035527229
37,0.036073446
38,0.035649061
39,0.035526991
40,0.036291122
41,0.035700083
42,0.035542488
43,0.036055088
44,0.035781384
45,0.035545349
46,0.036221266
47,0.035732985
48,0.035578966
49,0.036077499
50,0.035727262
51,0.035542727
52,0.036999702
53,0.035901070
54,0.035626888
55,0.036145210
56,0.036462069
57,0.035570383
58,0.036010742
59,0.035854816
60,0.035636663
61,0.035923243
62,0.035708189
63,0.035506725
64,0.036046505
65,0.035798788
66,0.035595179
67,0.036882639
68,0.035731554
69,0.035623789
70,0.036062002
71,0.035765409
72,0.035551786
73,0.036047459
74,0.036051273
75,0.036615849
76,0.036126852
77,0.035835266
78,0.035623789
79,0.036183834
80,0.036007404
81,0.035597563
82,0.040953159
83,0.036292791
84,0.035641193
85,0.037273169
86,0.036093950
87,0.035659313
88,0.035967588
89,0.035802126
90,0.035660982
91,0.036824703
92,0.035891056
93,0.036405563
94,0.036084652
95,0.035823107
96,0.035667896
97,0.036057949
98,0.035844803
99,0.035671473
100,0.036078215
101,0.035849571
102,0.035658121
103,0.039549589
104,0.036245108
105,0.035668612
106,0.036362410
107,0.036103010
108,0.035665512
109,0.036213875
110,0.035864592
111,0.035629034
112,0.036128759
113,0.035967112
114,0.035686731
115,0.036255360
116,0.035870790
117,0.035681963
118,0.036080837
119,0.035859108
120,0.035729647
121,0.036123753
122,0.035889387
123,0.035732269
124,0.036136627
125,0.035902739
126,0.036047459
127,0.036282539
128,0.036083698
129,0.035872936
130,0.037495852
131,0.036082029
132,0.036444664
133,0.037172079
134,0.036097288
135,0.036203623
136,0.036421299
137,0.036103249
138,0.035898447
139,0.036555529
140,0.035911798
141,0.035819054
142,0.036350012
143,0.035967112
144,0.035879850
145,0.036481857
146,0.035932541
147,0.035881042
148,0.036208153
149,0.036029339
150,0.035800934
151,0.036855936
152,0.036054611
153,0.035828114
154,0.036306620
155,0.036052942
156,0.035844564
157,0.036342382
158,0.036071777
159,0.035863400
160,0.036270857
161,0.036040783
162,0.036201477
163,0.036318302
164,0.036035299
165,0.035887957
166,0.036611319
167,0.036242723
168,0.035903454
169,0.037184954
170,0.036138296
171,0.035874844
172,0.036444187
173,0.035984039
174,0.036719322
175,0.037616253
176,0.036249399
177,0.035898209
178,0.036518097
179,0.036021471
180,0.035948038
181,0.036469936
182,0.036094904
183,0.035874128
184,0.036422729
185,0.035993338
186,0.035884380
187,0.036364079
188,0.036081553
189,0.035917521
190,0.036670923
191,0.036260605
192,0.035939217
193,0.036266565
194,0.036184549
195,0.035928965
196,0.036344051
197,0.037291765
198,0.035983086
199,0.036415339
200,0.036140442
201,0.036141157
202,0.036382675
203,0.036248207
204,0.035974026
205,0.036333084
206,0.036777258
207,0.035989285
208,0.037075281
209,0.036477327
210,0.035969734
211,0.036202669
212,0.036144733
213,0.035912275
214,0.036589622
215,0.036236048
216,0.035963297
217,0.036352873
218,0.036420822
219,0.035951376
220,0.036551714
221,0.036176920
222,0.035943270
223,0.037028074
224,0.036172628
225,0.035973787
226,0.036329269
227,0.036172152
228,0.036042213
229,0.036500931
230,0.036149979
231,0.036009073
232,0.036333799
233,0.036116838
234,0.036019087
235,0.036391735
236,0.036320448
237,0.035932541
238,0.036525965
239,0.036177635
240,0.036104441
241,0.036415100
242,0.036100149
243,0.036121845
244,0.036413431
245,0.037198544
246,0.036444664
247,0.036403179
248,0.036217451
249,0.037367105
250,0.036727667
251,0.036372662
252,0.036203146
253,0.036348343
254,0.036266804
