0,0.046104193
1,0.041451216
2,0.041365862
3,0.041874409
4,0.041402578
5,0.041381121
6,0.041803360
7,0.041359663
8,0.041834354
9,0.041443586
10,0.042402029
11,0.041886568
12,0.041475296
13,0.041617393
14,0.041559458
15,0.041365862
16,0.041822910
17,0.041376114
18,0.041392088
19,0.041822433
20,0.041362524
21,0.042521715
22,0.042478800
23,0.041422606
24,0.041944504
25,0.041460037
26,0.041644573
27,0.041791201
28,0.041387796
29,0.041808128
30,0.041489124
31,0.041422367
32,0.041697502
33,0.041458130
34,0.041654587
35,0.041563749
36,0.043036699
37,0.042252779
38,0.041422367
39,0.041386127
40,0.041882992
41,0.041453838
42,0.041904926
43,0.041454792
44,0.041433573
45,0.041938782
46,0.041436434
47,0.041567326
48,0.041874647
49,0.041478395
50,0.041863203
51,0.041661263
52,0.041474104
53,0.042029381
54,0.041884661
55,0.041431665
56,0.041944027
57,0.041474819
58,0.042125702
59,0.041707039
60,0.041530371
61,0.041928768
62,0.041534185
63,0.042354345
64,0.042016268
65,0.041586637
66,0.041843653
67,0.041746140
68,0.041524649
69,0.042059422
70,0.041531086
71,0.041559458
72,0.041972637
73,0.041581869
74,0.042201996
75,0.041506767
76,0.042808056
77,0.041914940
78,0.041614294
79,0.041754961
80,0.041715622
81,0.041862249
82,0.042080402
83,0.041558981
84,0.041536093
85,0.042096138
86,0.041592121
87,0.041967869
88,0.042342186
89,0.041679859
90,0.042185545
91,0.041585445
92,0.041596651
93,0.042065620
94,0.041648865
95,0.041974068
96,0.041817427
97,0.041666031
98,0.042145491
99,0.041592836
100,0.041564941
101,0.041888714
102,0.041702032
103,0.042238712
104,0.041667461
105,0.041681290
106,0.042167425
107,0.041696310
108,0.041703701
109,0.042159319
110,0.041702747
111,0.041920185
112,0.041813850
113,0.041665077
114,0.042190552
115,0.041688919
116,0.041744947
117,0.042243481
118,0.041968584
119,0.042007208
120,0.041908741
121,0.041760683
122,0.042173147
123,0.041776896
124,0.041718721
125,0.042414427
126,0.041731834
