0,0.024059772
1,0.022839308
2,0.022657394
3,0.022792101
4,0.022775173
5,0.022788048
6,0.022805929
7,0.022749424
8,0.022714138
9,0.022769928
10,0.022754908
11,0.022741556
12,0.022751331
13,0.022773266
14,0.022794247
15,0.022825718
16,0.022751808
17,0.022773981
18,0.022734165
19,0.022795439
20,0.023197889
21,0.022806883
22,0.022767305
23,0.022791862
24,0.022758961
25,0.022783756
26,0.023565531
27,0.022787809
28,0.022791862
29,0.022797108
30,0.022812843
31,0.022803068
32,0.022768497
33,0.022761822
34,0.022781849
35,0.023504257
36,0.022778749
37,0.022747040
38,0.022790432
39,0.022778273
40,0.022733688
41,0.022801399
42,0.022756338
43,0.022783279
44,0.022762299
45,0.022764683
46,0.022737741
47,0.022774220
48,0.023146868
49,0.022783756
50,0.022793531
51,0.022783041
52,0.022783995
53,0.022740364
54,0.022736549
55,0.023162365
56,0.022820950
57,0.022774220
58,0.022763491
59,0.022765160
60,0.022753716
61,0.022854328
62,0.024058104
63,0.023215294
64,0.022773266
65,0.022818327
66,0.022800207
67,0.022801399
68,0.022773981
69,0.022807837
70,0.022781849
71,0.022807598
72,0.022766113
73,0.022771835
74,0.022761106
75,0.022928953
76,0.022777081
77,0.022818327
78,0.022793531
79,0.022761345
80,0.022775650
81,0.022821188
82,0.022787571
83,0.022787809
84,0.022761106
85,0.022764206
86,0.022760391
87,0.022816420
88,0.022791862
89,0.022753477
90,0.022822142
91,0.022761822
92,0.022777557
93,0.022830486
94,0.022798538
95,0.023139954
96,0.022764921
97,0.022758961
98,0.022768974
99,0.022790670
100,0.022812605
101,0.022770882
102,0.022771835
103,0.022773266
104,0.023053408
105,0.022786617
106,0.022809505
107,0.022787571
108,0.022789717
109,0.022783041
110,0.022771597
111,0.022783518
112,0.022796392
113,0.022804737
114,0.023425341
115,0.022823811
116,0.022814512
117,0.022797823
118,0.022913933
119,0.022805452
120,0.022804260
121,0.022844791
122,0.022786617
123,0.022766113
124,0.022823811
125,0.023308277
126,0.022866249
127,0.022841930
128,0.022834539
129,0.022806644
130,0.022810459
131,0.023022652
132,0.022775412
133,0.022773027
134,0.025566578
135,0.025149107
136,0.022720098
137,0.025877476
138,0.023047447
139,0.023120642
140,0.022837400
141,0.022774696
142,0.022800684
143,0.022814274
144,0.022795916
145,0.022810936
146,0.022831678
147,0.023497105
148,0.022871494
149,0.022876501
150,0.022962093
151,0.022823095
152,0.022834778
153,0.022823811
154,0.022773027
155,0.022811890
156,0.022834539
157,0.022799015
158,0.022830486
159,0.022830009
160,0.023536682
161,0.022880554
162,0.022852659
163,0.022837162
164,0.022807598
165,0.022795916
166,0.022815943
167,0.022846460
168,0.023187637
169,0.022824287
170,0.022822618
171,0.022820950
172,0.023161173
173,0.022858381
174,0.022785425
175,0.022831202
176,0.022866964
177,0.022821903
178,0.022814035
179,0.022798061
180,0.022813082
181,0.022834539
182,0.022810459
183,0.022833586
184,0.022821665
185,0.022808313
186,0.022844315
187,0.026722908
188,0.022960901
189,0.023669720
190,0.022805929
191,0.023044348
192,0.022853851
193,0.022814035
194,0.022795200
195,0.023037195
196,0.024815083
197,0.022862911
198,0.022842169
199,0.022814512
200,0.022840500
201,0.023121595
202,0.023619175
203,0.022832394
204,0.023449421
205,0.022844076
206,0.022865295
207,0.022866964
208,0.022842169
209,0.022854328
210,0.022838116
211,0.022832632
212,0.022832870
213,0.022835970
214,0.022835255
215,0.022814512
216,0.022931337
217,0.022823572
218,0.022811890
219,0.022848845
220,0.022942543
221,0.023739338
222,0.022833586
223,0.022835970
224,0.022871256
225,0.022846937
226,0.022848129
227,0.022845984
228,0.022833347
229,0.022856951
230,0.022813082
231,0.022839546
232,0.022853374
233,0.023429871
234,0.022829056
235,0.022866488
236,0.022878170
237,0.022859335
238,0.022833586
239,0.022889614
240,0.022822618
241,0.023122311
242,0.022870064
243,0.022836208
244,0.022843838
245,0.022838354
246,0.022883177
247,0.022890329
248,0.022835255
249,0.022831917
250,0.022811651
251,0.023232937
252,0.022963047
253,0.022812843
254,0.022816181
