0,0.064446688
1,0.060700893
2,0.060975552
3,0.060551405
4,0.060854435
5,0.060664177
6,0.060839891
7,0.060708523
8,0.060995340
9,0.060476780
10,0.060851812
11,0.060675144
12,0.060808659
13,0.060757399
14,0.060938358
15,0.060668945
16,0.060994864
17,0.060691833
18,0.060878277
19,0.060759068
20,0.060934305
21,0.060560465
22,0.062642574
23,0.060862303
24,0.060792446
25,0.060880184
26,0.060976267
27,0.060857773
28,0.060955048
29,0.061581850
30,0.060944796
31,0.060740471
32,0.061063766
33,0.061346769
34,0.060952187
35,0.060816765
36,0.060943127
37,0.060821533
38,0.060951710
39,0.061513662
40,0.060970545
41,0.060827255
42,0.060987473
43,0.060902119
44,0.060948372
45,0.060865402
46,0.061427593
47,0.060840130
48,0.061095715
49,0.060925007
50,0.061019182
51,0.060907602
52,0.061148643
53,0.060868025
54,0.061061859
55,0.060923576
56,0.061100721
57,0.060806274
58,0.061227798
59,0.060958147
60,0.061094761
61,0.060975313
62,0.061109543
63,0.060933590
64,0.061062336
65,0.061038733
66,0.061160803
67,0.061010122
68,0.061177492
69,0.061021805
70,0.061176062
71,0.061608315
72,0.061224699
73,0.061056614
74,0.061224699
75,0.061027765
76,0.061228991
77,0.060948610
78,0.061146975
79,0.061048985
80,0.061203241
81,0.061153650
82,0.061321020
83,0.061008692
84,0.061245680
85,0.061181068
86,0.061411381
87,0.060899019
88,0.061311722
89,0.061105490
90,0.061249495
91,0.061151266
92,0.061252117
93,0.061102390
94,0.062413692
95,0.061325312
96,0.061487675
97,0.062489271
98,0.061486959
99,0.061204195
100,0.061452627
101,0.061219931
102,0.061448097
103,0.061073303
104,0.061409712
105,0.061195850
106,0.061458349
107,0.061527729
108,0.061494827
109,0.061311960
110,0.061433792
111,0.061125517
112,0.061999321
113,0.061257601
114,0.061692715
115,0.061249018
116,0.061564207
117,0.061387777
118,0.061486483
119,0.061415672
120,0.061695814
121,0.061296940
122,0.061686754
123,0.061173439
124,0.062473059
125,0.061441183
126,0.061738729
