0,0.044499636
1,0.042992353
2,0.043450117
3,0.043283939
4,0.043012619
5,0.043322563
6,0.042936087
7,0.043333769
8,0.042844772
9,0.044086695
10,0.042930126
11,0.042831898
12,0.043231010
13,0.042934895
14,0.043368578
15,0.047105312
16,0.043344498
17,0.042876959
18,0.043949604
19,0.043265343
20,0.043296814
21,0.043240309
22,0.042886734
23,0.042935371
24,0.043058395
25,0.042877197
26,0.043841124
27,0.042972088
28,0.044023037
29,0.047761202
30,0.042955160
31,0.043271303
32,0.042942286
33,0.043987036
34,0.042879581
35,0.043292284
36,0.043151379
37,0.044284344
38,0.043373108
39,0.042892694
40,0.043396235
41,0.042901278
42,0.044136047
43,0.043324471
44,0.042982101
45,0.043149233
46,0.043384552
47,0.043391705
48,0.043045759
49,0.042939425
50,0.043241978
51,0.043015957
52,0.043435097
53,0.042939425
54,0.043267488
55,0.043213606
56,0.043132782
57,0.043450356
58,0.042962790
59,0.043398380
60,0.043083191
61,0.043243647
62,0.043412447
63,0.043059587
64,0.043406010
65,0.043070793
66,0.043066025
67,0.043457031
68,0.043103456
69,0.043409348
70,0.043087006
71,0.043536901
72,0.043091059
73,0.043219090
74,0.043426991
75,0.043152094
76,0.043458462
77,0.043018103
78,0.043133497
79,0.043403864
80,0.043135881
81,0.043356895
82,0.043086529
83,0.043706179
84,0.043088436
85,0.043086052
86,0.043485165
87,0.043090343
88,0.043321133
89,0.043136597
90,0.043181181
91,0.043399096
92,0.043178320
93,0.044370651
94,0.043129444
95,0.043596745
96,0.043179989
97,0.043115854
98,0.043514013
99,0.043201208
100,0.043484449
101,0.043200493
102,0.043737888
103,0.043226957
104,0.043178558
105,0.043468475
106,0.043168068
107,0.043667078
108,0.043287992
109,0.043704510
110,0.043530941
111,0.043261766
112,0.043583155
113,0.043230295
114,0.043740988
115,0.043200970
116,0.043233395
117,0.043694496
118,0.043285847
119,0.043573141
120,0.043264627
121,0.043284178
122,0.043650389
123,0.043327808
124,0.043580770
125,0.043259382
126,0.043572426
