0,0.120586872
1,0.118021727
2,0.117644548
3,0.117547512
4,0.118449211
5,0.117674351
6,0.117594719
7,0.117986441
8,0.117496490
9,0.118638277
10,0.117470026
11,0.117454767
12,0.117971897
13,0.118445873
14,0.117660761
15,0.117739916
16,0.117641926
17,0.118688107
18,0.117646456
19,0.117692947
20,0.117703676
21,0.117672920
22,0.117675781
23,0.118622065
24,0.117854118
25,0.118238688
26,0.117737293
27,0.117711544
28,0.117908716
29,0.117759466
30,0.117611647
31,0.117562532
32,0.117473602
33,0.117557764
34,0.117594481
35,0.117659092
36,0.117558002
37,0.117591619
38,0.117522240
39,0.117458820
40,0.119093180
41,0.117521763
42,0.117490768
43,0.117472172
44,0.118625164
45,0.117429256
46,0.117597342
47,0.117584467
48,0.117423534
49,0.117474318
50,0.117480993
51,0.118618250
52,0.117379189
53,0.117681503
54,0.117563486
55,0.118173361
56,0.117705822
57,0.117768049
58,0.117690325
59,0.117916107
60,0.117757082
61,0.117864132
62,0.117870092
63,0.119761944
64,0.119256496
65,0.117815495
66,0.118680239
67,0.118594646
68,0.119096041
69,0.117895126
70,0.118334770
71,0.117763996
72,0.117684841
73,0.118389368
74,0.117839575
75,0.118315220
76,0.118360996
77,0.117822170
78,0.117725372
79,0.117770433
80,0.117787361
81,0.117814541
82,0.117691755
83,0.117869377
84,0.117841005
85,0.117866278
86,0.117884398
87,0.117918015
88,0.117906809
89,0.117821693
90,0.117793322
91,0.117899418
92,0.117696524
93,0.117763996
94,0.117715597
95,0.117757797
96,0.117979050
97,0.119276047
98,0.118059158
99,0.117878199
100,0.118170500
101,0.118734598
102,0.118100882
103,0.118024588
104,0.118069172
105,0.118014812
106,0.118106365
107,0.118027449
108,0.118029118
109,0.118073463
110,0.118144989
111,0.118337631
112,0.118228197
113,0.118052244
114,0.118631363
115,0.118038654
116,0.118027687
117,0.117973566
118,0.117954969
119,0.117958069
120,0.117991447
121,0.118798256
122,0.117831469
123,0.118105650
124,0.117936611
125,0.117978096
126,0.118075371
