0,0.082170963
1,0.077610970
2,0.078409910
3,0.077733040
4,0.077564955
5,0.077359676
6,0.077869415
7,0.077427387
8,0.077774286
9,0.077561378
10,0.077810049
11,0.077471733
12,0.077883959
13,0.077300787
14,0.077750444
15,0.077680111
16,0.077790260
17,0.077574968
18,0.079202652
19,0.077344179
20,0.077778101
21,0.077324390
22,0.078229666
23,0.077517986
24,0.077748299
25,0.077461481
26,0.078075409
27,0.078691959
28,0.077668667
29,0.077368736
30,0.077737570
31,0.077449322
32,0.077759981
33,0.077380419
34,0.077770710
35,0.077438116
36,0.078564882
37,0.077302933
38,0.077787638
39,0.077344894
40,0.078329802
41,0.077371359
42,0.078176975
43,0.077572107
44,0.077692747
45,0.077409983
46,0.081692219
47,0.077414274
48,0.077860594
49,0.077508688
50,0.077701092
51,0.077494383
52,0.077739477
53,0.077493429
54,0.077673674
55,0.077466726
56,0.077759981
57,0.077359200
58,0.077823877
59,0.077420473
60,0.077741861
61,0.077396870
62,0.077605009
63,0.077517509
64,0.077676058
65,0.077543020
66,0.077835083
67,0.077389479
68,0.077711344
69,0.078114986
70,0.077729702
71,0.078051567
72,0.077996969
73,0.077462673
74,0.077764273
75,0.077995777
76,0.077752590
77,0.077463865
78,0.077787399
79,0.077496767
80,0.077907562
81,0.078940392
82,0.077732563
83,0.077286482
84,0.077935457
85,0.077513695
86,0.077807665
87,0.077450991
88,0.079606056
89,0.077634096
90,0.078694820
91,0.078017473
92,0.077891350
93,0.077635288
94,0.077720881
95,0.077591181
96,0.078044176
97,0.078680277
98,0.077855587
99,0.077888250
100,0.077941895
101,0.079522848
102,0.078755140
103,0.077611923
104,0.078602791
105,0.077522516
106,0.078959703
107,0.077677250
108,0.078041553
109,0.077653408
110,0.077963591
111,0.077576160
112,0.078118324
113,0.077511549
114,0.078217268
115,0.077684879
116,0.078108788
117,0.078627586
118,0.078282833
119,0.078724384
120,0.077835321
121,0.077836275
122,0.079631567
123,0.078381538
124,0.077960491
125,0.077531338
126,0.078037500
127,0.077546358
128,0.078332901
129,0.077589035
130,0.077773094
131,0.077526569
132,0.077865601
133,0.077544928
134,0.077947378
135,0.077453852
136,0.078180790
137,0.077508211
138,0.077824593
139,0.077522516
140,0.077861547
141,0.077839851
142,0.077913523
143,0.077622414
144,0.077966452
145,0.077508926
146,0.077754259
147,0.077508926
148,0.079006433
149,0.077663183
150,0.077975512
151,0.077779531
152,0.077883482
153,0.077612400
154,0.079126596
155,0.077670574
156,0.078478098
157,0.077788830
158,0.077957869
159,0.078231812
160,0.078591824
161,0.078630209
162,0.077960968
163,0.078270197
164,0.078064203
165,0.077543736
166,0.077924967
167,0.077619076
168,0.077949762
169,0.077654362
170,0.078027964
171,0.078126192
172,0.078330517
173,0.077754498
174,0.078616858
175,0.077711582
176,0.079064369
177,0.077435732
178,0.079209089
179,0.078280449
180,0.079640150
181,0.077637434
182,0.084375143
183,0.077608347
184,0.078644991
185,0.077706099
186,0.077897549
187,0.077661037
188,0.077960730
189,0.077574730
190,0.078067064
191,0.077689886
192,0.077930927
193,0.078241110
194,0.077976227
195,0.077925682
196,0.078112602
197,0.077556133
198,0.077997684
199,0.077595472
200,0.077995539
201,0.078374863
202,0.078200817
203,0.077739477
204,0.077917099
205,0.077702999
206,0.078526497
207,0.077671766
208,0.077896833
209,0.077727318
210,0.078076124
211,0.077719688
212,0.078634739
213,0.078417778
214,0.078174353
215,0.077682734
216,0.078632355
217,0.077826977
218,0.078230143
219,0.077871084
220,0.078135252
221,0.077916384
222,0.079200745
223,0.077777863
224,0.078197718
225,0.077821732
226,0.078166246
227,0.077797651
228,0.078351736
229,0.078217745
230,0.078255177
231,0.077885389
232,0.078102112
233,0.077884197
234,0.078130960
235,0.077775478
236,0.078233719
237,0.077898979
238,0.078285456
239,0.077814102
240,0.078217983
241,0.078010798
242,0.078183174
243,0.077898264
244,0.078195333
245,0.077720881
246,0.078074217
247,0.078099728
248,0.078731060
249,0.077674627
250,0.078019857
251,0.077715397
252,0.078272820
253,0.077779531
254,0.078565598
