0,0.043191910
1,0.039677620
2,0.039520025
3,0.039532900
4,0.040012836
5,0.039465427
6,0.039432287
7,0.039439440
8,0.039459944
9,0.039433479
10,0.039472818
11,0.039430618
12,0.039454222
13,0.039497614
14,0.039494514
15,0.039441109
16,0.039499760
17,0.039423943
18,0.040000439
19,0.039479733
20,0.039686441
21,0.040234804
22,0.039491653
23,0.039422989
24,0.039503574
25,0.039397240
26,0.039431572
27,0.039478064
28,0.039418697
29,0.039437532
30,0.039522409
31,0.041054964
32,0.039948463
33,0.039571762
34,0.039485216
35,0.039488077
36,0.039605856
37,0.039438009
38,0.039533138
39,0.039559603
40,0.039482594
41,0.040431976
42,0.039471626
43,0.040120125
44,0.039480209
45,0.039553165
46,0.039985418
47,0.039477348
48,0.039455652
49,0.040279627
50,0.040174246
51,0.039496660
52,0.039464235
53,0.039943695
54,0.039475918
55,0.039445639
56,0.039491415
57,0.039437056
58,0.039449930
59,0.039494276
60,0.039693117
61,0.040203333
62,0.039546728
63,0.039494753
64,0.039837599
65,0.039484978
66,0.039646864
67,0.040071249
68,0.039489985
69,0.039502382
70,0.039456844
71,0.039517403
72,0.039490461
73,0.039471388
74,0.039497137
75,0.039513826
76,0.039488316
77,0.039595842
78,0.039474964
79,0.039511204
80,0.039545536
81,0.039432526
82,0.039498568
83,0.039461374
84,0.040078640
85,0.039577723
86,0.039570332
87,0.039539814
88,0.039790392
89,0.039507151
90,0.039591789
91,0.039523125
92,0.039738894
93,0.039469719
94,0.039530039
95,0.039599895
96,0.039561987
97,0.039502382
98,0.039539576
99,0.043062687
100,0.040163517
101,0.039504528
102,0.039652824
103,0.039508104
104,0.039544344
105,0.039561033
106,0.039565086
107,0.041034222
108,0.039554119
109,0.039544106
110,0.039548874
111,0.040091753
112,0.039548397
113,0.039467335
114,0.039532185
115,0.039527178
116,0.039559841
117,0.039495945
118,0.039521217
119,0.039502621
120,0.039514303
121,0.039547443
122,0.039668322
123,0.039571762
124,0.039522409
125,0.039651155
126,0.039570570
127,0.039481163
128,0.039556980
129,0.039494038
130,0.039547682
131,0.039505959
132,0.039906025
133,0.039772272
134,0.039550066
135,0.039488554
136,0.039549351
137,0.039605618
138,0.039529800
139,0.039459229
140,0.039522886
141,0.039483309
142,0.039607286
143,0.039496660
144,0.039538860
145,0.039536238
146,0.039550066
147,0.039806128
148,0.039553165
149,0.039575577
150,0.039565325
151,0.039462805
152,0.039545774
153,0.039511919
154,0.039526224
155,0.039494038
156,0.039505959
157,0.039506674
158,0.039571047
159,0.039508104
160,0.039702415
161,0.039549351
162,0.040678740
163,0.039520502
164,0.047476053
165,0.039474964
166,0.039540291
167,0.041386366
168,0.039573669
169,0.041240692
170,0.040227652
171,0.039501429
172,0.039533854
173,0.039489985
174,0.039492369
175,0.039510250
176,0.039500713
177,0.039495707
178,0.041009903
179,0.040160656
180,0.039550066
181,0.039518118
182,0.039816856
183,0.039491892
184,0.039542198
185,0.039519548
186,0.039580345
187,0.039527655
188,0.039505959
189,0.039452553
190,0.039539576
191,0.039501429
192,0.039566994
193,0.040185452
194,0.039651394
195,0.039499283
196,0.039548635
197,0.039506197
198,0.039500713
199,0.039481163
200,0.039570093
201,0.039477110
202,0.039556503
203,0.039535522
204,0.040976524
205,0.039586306
206,0.039500713
207,0.039538145
208,0.039518356
209,0.039520741
210,0.039596319
211,0.039532423
212,0.039781570
213,0.039958954
214,0.039606571
215,0.039495945
216,0.039553404
217,0.039534569
218,0.039579868
219,0.039543867
220,0.039547682
221,0.039607048
222,0.039554834
223,0.039514303
224,0.039530039
225,0.039505959
226,0.039561033
227,0.039953470
228,0.039751291
229,0.039562941
230,0.039608479
231,0.039659977
232,0.039547443
233,0.039572239
234,0.039781094
235,0.039949179
236,0.039678335
237,0.039600849
238,0.039605379
239,0.039563179
240,0.040510416
241,0.039560080
242,0.039602995
243,0.039770365
244,0.039583683
245,0.041092873
246,0.039652109
247,0.039585829
248,0.039597750
249,0.039552212
250,0.039705038
251,0.039591789
252,0.039629221
253,0.039582014
254,0.039565563
