0,0.122020721
1,0.111886740
2,0.111622095
3,0.111471891
4,0.111465454
5,0.111318588
6,0.111362457
7,0.111451387
8,0.111527443
9,0.111609459
10,0.111362934
11,0.111395836
12,0.111420393
13,0.111392021
14,0.111363173
15,0.111504555
16,0.111471176
17,0.111527205
18,0.112044811
19,0.112291336
20,0.111389637
21,0.111693859
22,0.111573458
23,0.111605644
24,0.112809896
25,0.111577034
26,0.111675739
27,0.111397028
28,0.112236023
29,0.111367941
30,0.111368418
31,0.111471176
32,0.111540318
33,0.111521244
34,0.111367226
35,0.111525774
36,0.111754894
37,0.111497879
38,0.111513376
39,0.111573696
40,0.111389875
41,0.111440897
42,0.111692905
43,0.111655712
44,0.111690998
45,0.111551523
46,0.111490250
47,0.111577272
48,0.111311197
49,0.111662149
50,0.111500978
51,0.111778259
52,0.111391068
53,0.113019705
54,0.112536430
55,0.111606121
56,0.111578226
57,0.111642838
58,0.111577034
59,0.112816095
60,0.111553431
61,0.111504555
62,0.112394810
63,0.111752987
64,0.111608028
65,0.111662388
66,0.111659050
67,0.112495184
68,0.111635447
69,0.111753464
70,0.111712217
71,0.111697674
72,0.111638784
73,0.112204552
74,0.111773968
75,0.111821175
76,0.111607790
77,0.111728668
78,0.111804724
79,0.111654520
80,0.111646891
81,0.111785650
82,0.111639738
83,0.111809731
84,0.111724377
85,0.112467527
86,0.111830235
87,0.111903191
88,0.111712694
89,0.111829281
90,0.111823320
91,0.111846209
92,0.111647367
93,0.111869574
94,0.111851692
95,0.111814737
96,0.111808062
97,0.111812115
98,0.111740589
99,0.112560034
100,0.111876965
101,0.112424612
102,0.111850739
103,0.111853600
104,0.111899853
105,0.112013817
106,0.114098310
107,0.111917257
108,0.111890316
109,0.111895561
110,0.111809969
111,0.111922026
112,0.111942291
113,0.111946106
114,0.111982346
115,0.111980200
116,0.112481356
117,0.111884356
118,0.111834764
119,0.111898661
120,0.111891270
121,0.111797333
122,0.113062143
123,0.111915588
124,0.112012148
125,0.111873150
126,0.111956358
