0,0.106656551
1,0.098190069
2,0.098208189
3,0.099237204
4,0.098141432
5,0.098571539
6,0.098441601
7,0.098276854
8,0.098168612
9,0.098430872
10,0.099120617
11,0.098254681
12,0.099005461
13,0.098106623
14,0.098483801
15,0.098929167
16,0.098746061
17,0.103097439
18,0.098812580
19,0.100438833
20,0.098692179
21,0.099482059
22,0.098983049
23,0.098520517
24,0.099380255
25,0.098930120
26,0.100786924
27,0.098842144
28,0.098135233
29,0.098029852
30,0.098050594
31,0.098064184
32,0.097966433
33,0.098192692
34,0.098055840
35,0.099049091
36,0.099114418
37,0.097926855
38,0.098145962
39,0.098107576
40,0.098124266
41,0.099506140
42,0.098736525
43,0.098113060
44,0.098121166
45,0.098308802
46,0.097974777
47,0.098181725
48,0.098856449
49,0.098030329
50,0.099287271
51,0.099902391
52,0.098072767
53,0.098256350
54,0.098017931
55,0.098243713
56,0.098185539
57,0.098243237
58,0.098169327
59,0.098209381
60,0.098087788
61,0.098310709
62,0.098306894
63,0.098633528
64,0.099509239
65,0.098193169
66,0.098888397
67,0.098182201
68,0.098269224
69,0.098257065
70,0.098972082
71,0.098280668
72,0.098340988
73,0.098383427
74,0.098705053
75,0.098176003
76,0.099338293
77,0.098293781
78,0.098360538
79,0.098504543
80,0.098916769
81,0.098222971
82,0.098098516
83,0.098505259
84,0.098281622
85,0.098289013
86,0.098268032
87,0.098192215
88,0.098305941
89,0.098177910
90,0.099393606
91,0.098248959
92,0.098156214
93,0.099026203
94,0.098600626
95,0.098148346
96,0.098349094
97,0.100207090
98,0.098398924
99,0.098409653
100,0.098530769
101,0.098240376
102,0.098081589
103,0.098379135
104,0.098539352
105,0.098160028
106,0.098419666
107,0.099728346
108,0.098700285
109,0.098459721
110,0.098262548
111,0.098638296
112,0.098980188
113,0.099495411
114,0.098398447
115,0.098377466
116,0.098512411
117,0.099541187
118,0.098303795
119,0.098508596
120,0.098449469
121,0.098527670
122,0.099975586
123,0.098640919
124,0.098323345
125,0.098592043
126,0.098437071
