0,0.032582998
1,0.031940460
2,0.031258821
3,0.031215668
4,0.031241417
5,0.031224251
6,0.031194925
7,0.034685135
8,0.030893326
9,0.031548977
10,0.031335592
11,0.031195402
12,0.031231880
13,0.031174421
14,0.031202793
15,0.031206608
16,0.031197309
17,0.031218052
18,0.031209469
19,0.031952143
20,0.031159401
21,0.031475306
22,0.031182051
23,0.031136036
24,0.031913519
25,0.031237364
26,0.031201363
27,0.031222582
28,0.031176329
29,0.031935692
30,0.031190395
31,0.031196117
32,0.031050920
33,0.035017729
34,0.031324863
35,0.030880451
36,0.031307220
37,0.031360626
38,0.031539202
39,0.031288624
40,0.031235933
41,0.031216621
42,0.031152248
43,0.031194448
44,0.031177044
45,0.031179667
46,0.031604767
47,0.031383514
48,0.031148195
49,0.031198263
50,0.031200886
51,0.031363964
52,0.031191111
53,0.031324148
54,0.031544447
55,0.032817125
56,0.030939817
57,0.030877352
58,0.032314062
59,0.031217098
60,0.031192064
61,0.031193018
62,0.031163931
63,0.033525229
64,0.031186819
65,0.030919552
66,0.031395435
67,0.031528711
68,0.032279015
69,0.032711029
70,0.031715155
71,0.031352520
72,0.031178951
73,0.031240940
74,0.031151533
75,0.032031775
76,0.031184196
77,0.031218290
78,0.032285213
79,0.031368732
80,0.031508923
81,0.032457113
82,0.032640934
83,0.031299829
84,0.031186104
85,0.031403303
86,0.031193018
87,0.031242132
88,0.031240940
89,0.031243324
90,0.031218052
91,0.031169176
92,0.031516552
93,0.031210899
94,0.031944036
95,0.031217098
96,0.031381369
97,0.031230450
98,0.031236410
99,0.031235218
100,0.031228304
101,0.031252861
102,0.031185865
103,0.031238317
104,0.031352043
105,0.031450748
106,0.031175852
107,0.031262398
108,0.031350851
109,0.032120228
110,0.031210899
111,0.031544685
112,0.031217575
113,0.031225681
114,0.031216860
115,0.031377316
116,0.031204462
117,0.031793833
118,0.032211781
119,0.031043291
120,0.031342506
121,0.031398296
122,0.031508207
123,0.031270266
124,0.031266451
125,0.031977415
126,0.031215668
127,0.031872034
128,0.031282425
129,0.032174349
130,0.031230927
131,0.032106876
132,0.031270742
133,0.031228781
134,0.031648874
135,0.031442165
136,0.031839609
137,0.031322718
138,0.034008980
139,0.031070709
140,0.030990839
141,0.031391859
142,0.031250000
143,0.031242847
144,0.031108856
145,0.031057358
146,0.031229973
147,0.031221390
148,0.031211376
149,0.031237364
150,0.031205654
151,0.031251669
152,0.031227112
153,0.031176329
154,0.031401634
155,0.031250000
156,0.031206608
157,0.031400681
158,0.031228304
159,0.031220675
160,0.032791138
161,0.031182289
162,0.030918121
163,0.031211138
164,0.031248569
165,0.032556057
166,0.030939817
167,0.030958652
168,0.031261206
169,0.031248569
170,0.031246424
171,0.031596661
172,0.031259775
173,0.031241894
174,0.031227112
175,0.031278133
176,0.031229496
177,0.031229734
178,0.031175137
179,0.031216145
180,0.031228542
181,0.031212330
182,0.031213999
183,0.031192780
184,0.031254053
185,0.031192541
186,0.031204462
187,0.031180859
188,0.031204939
189,0.031173229
190,0.031200409
191,0.031218290
192,0.031197548
193,0.031235695
194,0.031487465
195,0.031233788
196,0.031231642
197,0.032127857
198,0.031152487
199,0.031158924
200,0.031400442
201,0.031258345
202,0.031176090
203,0.031407118
204,0.031246185
205,0.031278610
206,0.031240702
207,0.031263351
208,0.032042742
209,0.033645630
210,0.030920982
211,0.030928373
212,0.031517744
213,0.031369925
214,0.033062935
215,0.030954838
216,0.031666994
217,0.031416416
218,0.031823874
219,0.031946421
220,0.030976057
221,0.030994177
222,0.032091141
223,0.031300783
224,0.031299829
225,0.031173468
226,0.031185865
227,0.031246662
228,0.031265497
229,0.031197548
230,0.031233311
231,0.031592369
232,0.031270504
233,0.031807899
234,0.031175137
235,0.031151295
236,0.031339169
237,0.031277418
238,0.031208038
239,0.031224012
240,0.031230450
241,0.031229019
242,0.031258583
243,0.031255484
244,0.031278133
245,0.031378746
246,0.031987906
247,0.031059980
248,0.030990601
249,0.031439543
250,0.031877279
251,0.031210184
252,0.031216860
253,0.031607389
254,0.031832457
