0,0.079718590
1,0.072593451
2,0.072529078
3,0.072454214
4,0.072410107
5,0.072439909
6,0.072512150
7,0.072381020
8,0.072420120
9,0.072539568
10,0.072371960
11,0.072458982
12,0.072459936
13,0.072481394
14,0.072605610
15,0.072618961
16,0.072608709
17,0.073837519
18,0.073289394
19,0.073416710
20,0.072402239
21,0.072490692
22,0.072803259
23,0.072586536
24,0.072538614
25,0.073100328
26,0.072569132
27,0.072556019
28,0.072552204
29,0.072572947
30,0.072370768
31,0.072667837
32,0.072518349
33,0.072641134
34,0.072721243
35,0.076671124
36,0.074252367
37,0.073139191
38,0.072830439
39,0.072655439
40,0.072584867
41,0.072947025
42,0.072474718
43,0.073246717
44,0.072334528
45,0.072444439
46,0.072425604
47,0.072380304
48,0.073215485
49,0.072495461
50,0.072403908
51,0.072438717
52,0.072354078
53,0.072504044
54,0.072407484
55,0.072522879
56,0.072489738
57,0.072489500
58,0.073862791
59,0.072476387
60,0.072440386
61,0.072434902
62,0.072433949
63,0.072432995
64,0.072462797
65,0.072352648
66,0.072524309
67,0.072637558
68,0.072439671
69,0.072530508
70,0.072438717
71,0.072525263
72,0.072426796
73,0.072658539
74,0.072416306
75,0.072427034
76,0.072389841
77,0.072456360
78,0.072458982
79,0.073510647
80,0.072406292
81,0.072418213
82,0.072453260
83,0.072563171
84,0.072553396
85,0.072446823
86,0.072539330
87,0.072493076
88,0.072540045
89,0.072484255
90,0.072512627
91,0.072513819
92,0.073604345
93,0.072603226
94,0.072578430
95,0.072541475
96,0.072502851
97,0.072539568
98,0.072474003
99,0.072604656
100,0.072530746
101,0.072492599
102,0.072586060
103,0.072600603
104,0.073249340
105,0.072659254
106,0.072441339
107,0.072646379
108,0.072671652
109,0.072710276
110,0.072587729
111,0.072562695
112,0.072666168
113,0.072519541
114,0.072503090
115,0.073514938
116,0.072601318
117,0.072527170
118,0.073036432
119,0.072760582
120,0.072464943
121,0.072484970
122,0.072581053
123,0.072498560
124,0.072545052
125,0.072648764
126,0.072450638
127,0.072510242
128,0.072580338
129,0.072582483
130,0.072677374
131,0.072592974
132,0.073880672
133,0.072674036
134,0.073098421
135,0.072618723
136,0.072699070
137,0.072663069
138,0.072774887
139,0.073990822
140,0.072788239
141,0.073010445
142,0.072619438
143,0.072635412
144,0.072506905
145,0.072537422
146,0.073000908
147,0.073075294
148,0.072590590
149,0.072575092
150,0.072645426
151,0.072681427
152,0.072748661
153,0.072690248
154,0.072679758
155,0.072664976
156,0.072724581
157,0.072623491
158,0.072640419
159,0.072703838
160,0.072663307
161,0.072759628
162,0.072686911
163,0.072669744
164,0.072645903
165,0.073471785
166,0.072650194
167,0.072727442
168,0.072602987
169,0.072741985
170,0.072690725
171,0.072702408
172,0.072812557
173,0.072777033
174,0.072963953
175,0.074020386
176,0.073986292
177,0.072755337
178,0.072720766
179,0.072844982
180,0.072612524
181,0.072692633
182,0.072646379
183,0.072654724
184,0.072601318
185,0.072669506
186,0.073064327
187,0.072545052
188,0.072643280
189,0.072739363
190,0.072564602
191,0.072821856
192,0.072706938
193,0.072684050
194,0.072768688
195,0.072609663
196,0.072777510
197,0.072660685
198,0.072600842
199,0.072670221
200,0.072680235
201,0.072723627
202,0.072565317
203,0.072731495
204,0.072709084
205,0.072764397
206,0.072788715
207,0.072758675
208,0.072720289
209,0.072712183
210,0.072658539
211,0.072731495
212,0.072701693
213,0.072614908
214,0.072734356
215,0.072770596
216,0.072622538
217,0.072663546
218,0.072891235
219,0.072847605
220,0.072871923
221,0.072819471
222,0.072708845
223,0.072861433
224,0.072757721
225,0.072734833
226,0.072693348
227,0.072735310
228,0.072750807
229,0.072842836
230,0.072681427
231,0.072875261
232,0.072907925
233,0.072817087
234,0.072834730
235,0.072860718
236,0.074148655
237,0.073115587
238,0.072900295
239,0.077913046
240,0.072872400
241,0.072898626
242,0.072840452
243,0.072887897
244,0.073785543
245,0.073064804
246,0.073834419
247,0.072737455
248,0.073040962
249,0.072806835
250,0.072773218
251,0.072830439
252,0.072845459
253,0.072858334
254,0.073624849
