0,0.146996260
1,0.136959314
2,0.136238337
3,0.136197090
4,0.136152983
5,0.136171818
6,0.136671066
7,0.136619568
8,0.135928869
9,0.136285543
10,0.136504173
11,0.136599302
12,0.138091087
13,0.137528419
14,0.137208700
15,0.137045383
16,0.136176109
17,0.137094021
18,0.136577606
19,0.136247635
20,0.136188030
21,0.136348486
22,0.136262178
23,0.137091398
24,0.136968136
25,0.136446238
26,0.136206150
27,0.137400627
28,0.136159658
29,0.136356831
30,0.136347532
31,0.136181593
32,0.136185169
33,0.136372089
34,0.136120081
35,0.136457682
36,0.136489391
37,0.137156963
38,0.136311054
39,0.136125088
40,0.136196852
41,0.136320591
42,0.136130571
43,0.137155771
44,0.136285067
45,0.136402369
46,0.136316299
47,0.136466026
48,0.136583805
49,0.137412548
50,0.136882544
51,0.136283159
52,0.136269808
53,0.136512756
54,0.136369944
55,0.136379957
56,0.136375904
57,0.136526346
58,0.136858940
59,0.138716459
60,0.137526512
61,0.136505604
62,0.136483431
63,0.136430264
64,0.136467695
65,0.136719942
66,0.136497259
67,0.136620522
68,0.136559963
69,0.136554003
70,0.137147903
71,0.136775970
72,0.136617422
73,0.136818409
74,0.136509418
75,0.136541843
76,0.136776209
77,0.136677504
78,0.136524439
79,0.136686563
80,0.138653517
81,0.137352705
82,0.136380911
83,0.136628628
84,0.136419058
85,0.136742592
86,0.136832476
87,0.136916876
88,0.136926889
89,0.137857914
90,0.136824131
91,0.137100935
92,0.136813402
93,0.137013912
94,0.137152672
95,0.137800694
96,0.138314724
97,0.136976480
98,0.136690617
99,0.136657238
100,0.136603355
101,0.136926651
102,0.137008429
103,0.136770964
104,0.136486292
105,0.137510538
106,0.136767387
107,0.138503551
108,0.136812925
109,0.136797667
110,0.137287855
111,0.136622906
112,0.136704922
113,0.136819601
114,0.137755394
115,0.137130499
116,0.136909485
117,0.136922359
118,0.136680126
119,0.137144327
120,0.136790752
121,0.138187647
122,0.136787891
123,0.136787891
124,0.136764765
125,0.137351036
126,0.136768341
