0,0.127077579
1,0.121412277
2,0.121810436
3,0.124248266
4,0.121783733
5,0.121499538
6,0.120805264
7,0.121233463
8,0.121294737
9,0.121472836
10,0.121033430
11,0.120596647
12,0.120547056
13,0.120679855
14,0.120847940
15,0.120676041
16,0.120689631
17,0.120895863
18,0.120861292
19,0.120564222
20,0.120844126
21,0.120588303
22,0.120694637
23,0.120938301
24,0.121020794
25,0.120921850
26,0.121006489
27,0.120999575
28,0.121065140
29,0.120971680
30,0.121140957
31,0.121135950
32,0.120912313
33,0.121356964
34,0.121106148
35,0.120983124
36,0.121142864
37,0.121124983
38,0.120824337
39,0.120862007
40,0.120816946
41,0.120757818
42,0.120796442
43,0.120841503
44,0.120822906
45,0.121474266
46,0.121263027
47,0.120837450
48,0.120743990
49,0.120706797
50,0.120904446
51,0.121775389
52,0.120843649
53,0.120761871
54,0.120803595
55,0.120707512
56,0.120896816
57,0.120885134
58,0.120743752
59,0.120909452
60,0.120842218
61,0.120850325
62,0.120803118
63,0.120841026
64,0.120946169
65,0.121069670
66,0.122218370
67,0.122028112
68,0.121284485
69,0.121982574
70,0.121591806
71,0.122335672
72,0.121010303
73,0.121440172
74,0.122453690
75,0.122068644
76,0.122578621
77,0.121445656
78,0.121450663
79,0.124568701
80,0.121505499
81,0.122145414
82,0.121367931
83,0.121006250
84,0.121366978
85,0.120923996
86,0.121088266
87,0.120990276
88,0.120965719
89,0.120996475
90,0.122180223
91,0.121137857
92,0.121657848
93,0.120950222
94,0.120918274
95,0.121077538
96,0.121196508
97,0.121002197
98,0.121011734
99,0.121109486
100,0.121103764
101,0.121815443
102,0.121275425
103,0.121458769
104,0.123516560
105,0.121214151
106,0.122289181
107,0.121307850
108,0.121560335
109,0.121692419
110,0.120723724
111,0.120983362
112,0.122442961
113,0.122520447
114,0.122318983
115,0.121999264
116,0.121017694
117,0.121146202
118,0.121061563
119,0.120988369
120,0.121047497
121,0.121116161
122,0.120889664
123,0.120954037
124,0.121037960
125,0.121914625
126,0.121615410
