0,0.060460806
1,0.056896925
2,0.057520628
3,0.056754351
4,0.056726456
5,0.056707859
6,0.056798697
7,0.057040215
8,0.056756258
9,0.056774139
10,0.056787491
11,0.056782484
12,0.056713343
13,0.056722641
14,0.056723595
15,0.057887793
16,0.056823730
17,0.056758165
18,0.056876183
19,0.056774855
20,0.058144569
21,0.056873322
22,0.056802988
23,0.056830883
24,0.056968451
25,0.056730032
26,0.057550430
27,0.056815863
28,0.056803465
29,0.056753635
30,0.057878256
31,0.056836367
32,0.056890965
33,0.059161663
34,0.057211161
35,0.057576656
36,0.058063030
37,0.056848526
38,0.056854725
39,0.057520866
40,0.056853056
41,0.056901217
42,0.056814194
43,0.057617188
44,0.057109118
45,0.057597876
46,0.056921005
47,0.057046175
48,0.057121754
49,0.057131767
50,0.056780338
51,0.056849718
52,0.057065487
53,0.056803703
54,0.056806564
55,0.056827545
56,0.056816339
57,0.056755543
58,0.056820631
59,0.056741953
60,0.056818962
61,0.056804419
62,0.056820631
63,0.056777716
64,0.056822777
65,0.056902647
66,0.056887865
67,0.057772398
68,0.056888342
69,0.056801558
70,0.056824923
71,0.056809902
72,0.056803942
73,0.056816101
74,0.056863070
75,0.057639599
76,0.056802988
77,0.056849718
78,0.056801081
79,0.057485580
80,0.056739807
81,0.056832075
82,0.056840897
83,0.056771278
84,0.056813240
85,0.056830168
86,0.056883097
87,0.056829214
88,0.056846857
89,0.056839943
90,0.057044268
91,0.056800604
92,0.056774855
93,0.056828737
94,0.056865692
95,0.056836843
96,0.056876183
97,0.056818962
98,0.060606718
99,0.056798220
100,0.056818485
101,0.056905270
102,0.056999445
103,0.056903362
104,0.056810141
105,0.056903601
106,0.056905031
107,0.056848526
108,0.056919813
109,0.056905270
110,0.056865215
111,0.056888342
112,0.057729244
113,0.056883335
114,0.056853771
115,0.057174206
116,0.056940317
117,0.056892872
118,0.057026386
119,0.056858778
120,0.056905031
121,0.056864977
122,0.056915522
123,0.056940556
124,0.056921721
125,0.056862593
126,0.056913614
127,0.056853056
128,0.056916475
129,0.056879520
130,0.056883097
131,0.056827068
132,0.056891680
133,0.056893110
134,0.056905270
135,0.057226896
136,0.056921005
137,0.057782650
138,0.057111263
139,0.056805849
140,0.056886196
141,0.056877613
142,0.056927204
143,0.056897402
144,0.056944609
145,0.056884527
146,0.056871176
147,0.056902647
148,0.056925535
149,0.056852102
150,0.056915283
151,0.056879044
152,0.056890011
153,0.056915760
154,0.056818247
155,0.056943893
156,0.056859255
157,0.056884766
158,0.056942225
159,0.056874275
160,0.056907654
161,0.056919098
162,0.060786486
163,0.057037354
164,0.056904316
165,0.056909323
166,0.056912661
167,0.056869030
168,0.056859732
169,0.057000399
170,0.056905508
171,0.056881189
172,0.056898355
173,0.057012081
174,0.056885958
175,0.056819439
176,0.056966543
177,0.056914568
178,0.056836367
179,0.056919336
180,0.056937218
181,0.058267593
182,0.056904554
183,0.056938410
184,0.057124138
185,0.057243824
186,0.057142735
187,0.057375669
188,0.057438374
189,0.057050943
190,0.056976080
191,0.057951689
192,0.057621002
193,0.057362080
194,0.057653666
195,0.056989193
196,0.057159185
197,0.056910276
198,0.056953192
199,0.057301998
200,0.056946754
201,0.056935072
202,0.057338715
203,0.057055473
204,0.056950092
205,0.057864428
206,0.056976795
207,0.057039738
208,0.056921721
209,0.056905985
210,0.056950569
211,0.056993008
212,0.058139801
213,0.057059526
214,0.057077169
215,0.056945801
216,0.057441235
217,0.057411909
218,0.056949615
219,0.057124376
220,0.056996346
221,0.056952477
222,0.056949139
223,0.056964397
224,0.057070017
225,0.056974888
226,0.056929350
227,0.057627439
228,0.056948900
229,0.057009697
230,0.056984186
231,0.056909561
232,0.057796240
233,0.056945086
234,0.056959629
235,0.057238102
236,0.056993484
237,0.056956291
238,0.056994438
239,0.056990147
240,0.056979656
241,0.056969166
242,0.056950808
243,0.057592630
244,0.056975603
245,0.057006598
246,0.056948185
247,0.057066202
248,0.057041645
249,0.056917429
250,0.058066845
251,0.056998014
252,0.057291746
253,0.056976795
254,0.057416201
