0,0.138526201
1,0.135292530
2,0.134891510
3,0.134639978
4,0.134741306
5,0.134581089
6,0.134339333
7,0.134851933
8,0.134313822
9,0.134500742
10,0.134275675
11,0.134852171
12,0.134667397
13,0.136066437
14,0.135058165
15,0.134785414
16,0.134547949
17,0.134796619
18,0.134405136
19,0.134902716
20,0.134465694
21,0.134697676
22,0.134339094
23,0.134746075
24,0.134490967
25,0.134699106
26,0.134206295
27,0.134975195
28,0.134268522
29,0.135448694
30,0.134395838
31,0.135144234
32,0.134354353
33,0.135310650
34,0.134402752
35,0.134808779
36,0.134438038
37,0.134733200
38,0.134470701
39,0.134826660
40,0.135278225
41,0.134758711
42,0.136052847
43,0.134921074
44,0.134061337
45,0.134333611
46,0.133997679
47,0.134426832
48,0.134140015
49,0.134382010
50,0.134004116
51,0.134453297
52,0.134434700
53,0.134602308
54,0.135141373
55,0.135922909
56,0.134100676
57,0.134482145
58,0.134203672
59,0.134445190
60,0.134328127
61,0.134743929
62,0.134231567
63,0.134561539
64,0.134340525
65,0.134623766
66,0.135222197
67,0.135057449
68,0.134198666
69,0.134655476
70,0.134134531
71,0.134459734
72,0.134261608
73,0.135863543
74,0.134581804
75,0.135005474
76,0.134306431
77,0.134434223
78,0.134257078
79,0.134650469
80,0.134360313
81,0.134938955
82,0.135972977
83,0.134747744
84,0.134925842
85,0.135025024
86,0.134609938
87,0.134756327
88,0.134282351
89,0.134701252
90,0.134584427
91,0.134906292
92,0.135382414
93,0.134938002
94,0.135087490
95,0.135122061
96,0.134710550
97,0.135155916
98,0.134585142
99,0.136103392
100,0.134413958
101,0.134750605
102,0.134380579
103,0.134818077
104,0.134364128
105,0.135586500
106,0.135185719
107,0.134880781
108,0.134414434
109,0.134686708
110,0.134410620
111,0.134768724
112,0.134476662
113,0.135149717
114,0.134319782
115,0.134685516
116,0.135050058
117,0.134981394
118,0.134500980
119,0.134884596
120,0.134445667
121,0.134882689
122,0.134564400
123,0.135818243
124,0.134580612
125,0.134927988
126,0.134828806
