0,0.066743135
1,0.057427883
2,0.058073997
3,0.057023525
4,0.056889296
5,0.056909800
6,0.057049990
7,0.057085752
8,0.056994915
9,0.056993246
10,0.056922197
11,0.057074070
12,0.056940794
13,0.057057381
14,0.056938887
15,0.056917429
16,0.057044744
17,0.057008505
18,0.057468176
19,0.056982279
20,0.056939602
21,0.056902170
22,0.056821108
23,0.056994438
24,0.057716131
25,0.057058096
26,0.056993723
27,0.056922436
28,0.056940794
29,0.057000160
30,0.056879759
31,0.057087183
32,0.056982756
33,0.057087898
34,0.057656527
35,0.057101965
36,0.056977034
37,0.057009935
38,0.056915283
39,0.057005405
40,0.056944847
41,0.056937218
42,0.056953907
43,0.056980848
44,0.056906700
45,0.057010651
46,0.056936026
47,0.057038307
48,0.056965590
49,0.057091236
50,0.056903601
51,0.057013035
52,0.056900978
53,0.057010889
54,0.056925774
55,0.057025433
56,0.056987047
57,0.056999207
58,0.057755232
59,0.056982040
60,0.056971312
61,0.057168007
62,0.057463169
63,0.057002783
64,0.057042360
65,0.057057381
66,0.056959867
67,0.057007790
68,0.058002949
69,0.057058334
70,0.057671070
71,0.057229042
72,0.057814121
73,0.057009935
74,0.057023287
75,0.057026386
76,0.057230711
77,0.056973696
78,0.057679653
79,0.056991100
80,0.056985140
81,0.057053804
82,0.057275534
83,0.057037115
84,0.058090687
85,0.056883812
86,0.056982756
87,0.057025433
88,0.057015657
89,0.057059526
90,0.056967020
91,0.057024479
92,0.057599068
93,0.057207584
94,0.056940079
95,0.057049513
96,0.056920290
97,0.057082653
98,0.056998491
99,0.056977034
100,0.056996822
101,0.056993961
102,0.056918144
103,0.057028055
104,0.056990623
105,0.056999207
106,0.056908846
107,0.057371855
108,0.057042122
109,0.056948662
110,0.057029247
111,0.057028770
112,0.057087183
113,0.057095528
114,0.056988239
115,0.056996107
116,0.057034731
117,0.057078838
118,0.057025909
119,0.057066917
120,0.057057858
121,0.057090282
122,0.057267904
123,0.057066679
124,0.057108641
125,0.057118177
126,0.058153629
127,0.056994200
128,0.057703733
129,0.057006598
130,0.057068586
131,0.057030916
132,0.057008505
133,0.057212591
134,0.057013273
135,0.057094336
136,0.057108164
137,0.057051659
138,0.057028055
139,0.057198286
140,0.057020903
141,0.057725191
142,0.057317019
143,0.057097197
144,0.057005882
145,0.057121515
146,0.057747364
147,0.057039976
148,0.057060957
149,0.057091951
150,0.057033539
151,0.057030916
152,0.056919813
153,0.057009935
154,0.057049751
155,0.057148933
156,0.057098627
157,0.057087421
158,0.057013512
159,0.057076216
160,0.057075500
161,0.057018518
162,0.057079315
163,0.057132006
164,0.058382511
165,0.057101250
166,0.057101250
167,0.057360411
168,0.057370901
169,0.057127714
170,0.057149410
171,0.057132721
172,0.057098627
173,0.057094097
174,0.057041168
175,0.057091236
176,0.057066679
177,0.057127476
178,0.057105780
179,0.057112455
180,0.057671785
181,0.057167053
182,0.057195187
183,0.057113409
184,0.057108879
185,0.057169914
186,0.058348417
187,0.057204485
188,0.057051659
189,0.057358980
190,0.057167292
191,0.057322741
192,0.057138681
193,0.057568073
194,0.057170868
195,0.058538914
196,0.057202578
197,0.057388306
198,0.057071924
199,0.057285309
200,0.057177782
201,0.057204247
202,0.057180643
203,0.057222366
204,0.057158947
205,0.057248592
206,0.057205439
207,0.057965755
208,0.057181358
209,0.057251215
210,0.057156563
211,0.057135820
212,0.057140589
213,0.057213306
214,0.057150364
215,0.057154894
216,0.057263613
217,0.058424950
218,0.057049751
219,0.057215214
220,0.057225943
221,0.057108879
222,0.057193041
223,0.057159662
224,0.057138681
225,0.057114601
226,0.057120800
227,0.057160378
228,0.057152033
229,0.057205200
230,0.057118893
231,0.057336330
232,0.057096481
233,0.057410240
234,0.057525396
235,0.057193279
236,0.057208776
237,0.057247400
238,0.057197809
239,0.058183908
240,0.057066202
241,0.057849407
242,0.057145357
243,0.057175159
244,0.057176352
245,0.057204485
246,0.057137966
247,0.057771444
248,0.058207750
249,0.057116508
250,0.057164907
251,0.057235479
252,0.057164669
253,0.057129622
254,0.057073832
