0,0.141909122
1,0.136359215
2,0.136608601
3,0.136883736
4,0.136632681
5,0.136042595
6,0.135556698
7,0.136277199
8,0.135618210
9,0.135878563
10,0.135716915
11,0.136376143
12,0.135736942
13,0.136366367
14,0.136017084
15,0.136226416
16,0.136161089
17,0.136323452
18,0.137444973
19,0.136140823
20,0.136194468
21,0.136205196
22,0.135981321
23,0.136038542
24,0.136806726
25,0.136101007
26,0.136614323
27,0.136106730
28,0.136398554
29,0.136123419
30,0.135845900
31,0.136065960
32,0.135830164
33,0.135967731
34,0.136008501
35,0.136547804
36,0.135940313
37,0.136097670
38,0.135956287
39,0.136243105
40,0.136125326
41,0.137448311
42,0.136007547
43,0.136141062
44,0.136568785
45,0.136231661
46,0.135925055
47,0.136339188
48,0.136327267
49,0.137738943
50,0.136045933
51,0.139288664
52,0.136044979
53,0.136444330
54,0.136785269
55,0.136290789
56,0.135945320
57,0.136353970
58,0.135913372
59,0.136456013
60,0.136513233
61,0.136244535
62,0.136223793
63,0.137355089
64,0.136272192
65,0.136436939
66,0.136379004
67,0.136681080
68,0.136607885
69,0.136284828
70,0.136205673
71,0.136399746
72,0.136378765
73,0.136694431
74,0.137157440
75,0.136762857
76,0.136494160
77,0.137724638
78,0.137824535
79,0.136709690
80,0.136839151
81,0.136439323
82,0.136568785
83,0.137440681
84,0.136209726
85,0.142827511
86,0.136259794
87,0.137292147
88,0.137444973
89,0.136904001
90,0.136326313
91,0.137063980
92,0.136804581
93,0.137475967
94,0.136305809
95,0.136599779
96,0.136389971
97,0.137802601
98,0.137232780
99,0.136828899
100,0.136279583
101,0.136645555
102,0.136527538
103,0.137094736
104,0.136316299
105,0.136633158
106,0.136341095
107,0.136487722
108,0.137187481
109,0.137395382
110,0.136262894
111,0.136598587
112,0.136432409
113,0.136759520
114,0.136609554
115,0.136638165
116,0.136490822
117,0.136937380
118,0.136433363
119,0.136527538
120,0.136287928
121,0.136452198
122,0.136281729
123,0.136703730
124,0.136460543
125,0.136654377
126,0.136408806
