0,0.106574059
1,0.102058172
2,0.102566242
3,0.101814747
4,0.101896048
5,0.102034330
6,0.102033377
7,0.103149891
8,0.101854563
9,0.102303505
10,0.102092981
11,0.102187872
12,0.103808403
13,0.102670193
14,0.102511406
15,0.102035761
16,0.102130651
17,0.101992846
18,0.101836920
19,0.101800919
20,0.101858139
21,0.103404999
22,0.102041006
23,0.103167295
24,0.101917744
25,0.102569103
26,0.104393482
27,0.101723433
28,0.101831198
29,0.101886511
30,0.102387190
31,0.101763248
32,0.101808071
33,0.101738691
34,0.102068424
35,0.101929188
36,0.102405787
37,0.102427006
38,0.101911306
39,0.101878166
40,0.101812363
41,0.101798534
42,0.101881504
43,0.101878643
44,0.101964474
45,0.102647066
46,0.101932287
47,0.102180004
48,0.101900816
49,0.101787567
50,0.101887465
51,0.103215218
52,0.101869106
53,0.102424860
54,0.101911783
55,0.101841927
56,0.102053642
57,0.101963282
58,0.102087498
59,0.102008343
60,0.102011204
61,0.102015495
62,0.102005959
63,0.102029562
64,0.101987600
65,0.101865530
66,0.101960659
67,0.102576971
68,0.102412939
69,0.102066994
70,0.104951620
71,0.102368355
72,0.103669882
73,0.102717638
74,0.102217436
75,0.102096558
76,0.102638960
77,0.102393389
78,0.102282286
79,0.102507353
80,0.101957560
81,0.102010727
82,0.102912664
83,0.102141619
84,0.103874683
85,0.102069139
86,0.102866411
87,0.102200508
88,0.102872849
89,0.102009773
90,0.102737665
91,0.101995230
92,0.102141619
93,0.102370262
94,0.102601767
95,0.101983070
96,0.102026701
97,0.102369547
98,0.102246046
99,0.102125883
100,0.103313923
101,0.102172375
102,0.102178097
103,0.102142572
104,0.102224588
105,0.102186918
106,0.102110863
107,0.102234840
108,0.102893353
109,0.102711439
110,0.102330208
111,0.103519678
112,0.102322340
113,0.102176666
114,0.102163792
115,0.102197170
116,0.103026867
117,0.102248430
118,0.102320910
119,0.102077484
120,0.102446318
121,0.102406263
122,0.102474213
123,0.102947235
124,0.102630377
125,0.102655649
126,0.104470730
