0,0.072664261
1,0.058989286
2,0.058439970
3,0.058312178
4,0.058188438
5,0.058266878
6,0.058409214
7,0.058135509
8,0.058209896
9,0.058220387
10,0.058182240
11,0.058781147
12,0.058492661
13,0.058165550
14,0.059284925
15,0.058248758
16,0.058330297
17,0.058164120
18,0.058709860
19,0.058225632
20,0.059680700
21,0.058205843
22,0.058988094
23,0.058248281
24,0.058442831
25,0.058204651
26,0.058248281
27,0.058166027
28,0.058154345
29,0.058157206
30,0.058390856
31,0.058197975
32,0.058927536
33,0.058167934
34,0.058219433
35,0.058172226
36,0.059309721
37,0.058925629
38,0.058325768
39,0.058273554
40,0.058294296
41,0.058179855
42,0.058266640
43,0.058248043
44,0.058199167
45,0.058156252
46,0.058218479
47,0.058185101
48,0.058189869
49,0.058225393
50,0.058198690
51,0.058186293
52,0.058205605
53,0.058231354
54,0.058223248
55,0.058240652
56,0.058271408
57,0.058256149
58,0.058303833
59,0.058485031
60,0.058859587
61,0.058198690
62,0.058196306
63,0.058171034
64,0.058285713
65,0.058267593
66,0.058252096
67,0.058270931
68,0.058484077
69,0.058284283
70,0.058207750
71,0.058190584
72,0.058289766
73,0.058958530
74,0.058266401
75,0.058136225
76,0.058238983
77,0.058273554
78,0.058207512
79,0.058207273
80,0.058305502
81,0.058286190
82,0.058398247
83,0.058539152
84,0.058233023
85,0.058225632
86,0.058318377
87,0.058266640
88,0.058263063
89,0.058256149
90,0.058248281
91,0.058301210
92,0.058348179
93,0.058208227
94,0.058283567
95,0.058303118
96,0.058318377
97,0.058295727
98,0.058724165
99,0.058304310
100,0.058743238
101,0.058308601
102,0.058822870
103,0.058465719
104,0.061447620
105,0.058400393
106,0.059589386
107,0.058388472
108,0.058662415
109,0.058352232
110,0.058221102
111,0.058344364
112,0.058275700
113,0.058239698
114,0.058316231
115,0.058395386
116,0.059193134
117,0.059520006
118,0.058260918
119,0.058294296
120,0.058287144
121,0.059425592
122,0.058379173
123,0.058336020
124,0.058329344
125,0.058337927
126,0.058276653
127,0.058411360
128,0.058381081
129,0.058351994
130,0.058330297
131,0.058653355
132,0.058320999
133,0.058499813
134,0.058491707
135,0.058378458
136,0.058300734
137,0.058763027
138,0.058404684
139,0.058413744
140,0.058341265
141,0.058417320
142,0.058552265
143,0.058336496
144,0.058330297
145,0.058460712
146,0.059446096
147,0.058373690
148,0.058353662
149,0.058458328
150,0.058820486
151,0.058456898
152,0.058385849
153,0.058443785
154,0.058384895
155,0.059077024
156,0.058417559
157,0.058573961
158,0.058715105
159,0.058397293
160,0.058324099
161,0.058525324
162,0.060019493
163,0.058447599
164,0.058838844
165,0.058739185
166,0.059612513
167,0.058395624
168,0.058400631
169,0.059341908
170,0.058341026
171,0.058466196
172,0.059102058
173,0.058452606
174,0.058415174
175,0.058431864
176,0.058323622
177,0.058401108
178,0.058718443
179,0.058430672
180,0.058407307
181,0.058491945
182,0.058388472
183,0.058449507
184,0.058439970
185,0.058448076
186,0.058383942
187,0.058401823
188,0.059233189
189,0.058398008
190,0.058393478
191,0.058485508
192,0.058435678
193,0.059223652
194,0.058437586
195,0.059873819
196,0.058904171
197,0.058429480
198,0.058363914
199,0.058480740
200,0.058417797
201,0.058426142
202,0.058454514
203,0.058594227
204,0.058389902
205,0.058409452
206,0.058495045
207,0.058481932
208,0.058399439
209,0.058466434
210,0.058487177
211,0.058457375
212,0.058401108
213,0.058487654
214,0.058468103
215,0.058471680
216,0.058531523
217,0.058458567
218,0.058437347
219,0.058506250
220,0.058506489
221,0.058415651
222,0.058503389
223,0.058397770
224,0.058597803
225,0.058524370
226,0.059011221
227,0.058782101
228,0.059535265
229,0.058527946
230,0.059257269
231,0.059239149
232,0.059113026
233,0.058669329
234,0.059235811
235,0.058827162
236,0.058549404
237,0.059729099
238,0.058553457
239,0.058989048
240,0.058907986
241,0.058539391
242,0.058508635
243,0.058552027
244,0.058546782
245,0.058563948
246,0.058490276
247,0.058586836
248,0.058594227
249,0.058842182
250,0.058523893
251,0.058531523
252,0.058532953
253,0.058593750
254,0.058508158
