0,0.135081530
1,0.122820139
2,0.122262239
3,0.122946978
4,0.122851849
5,0.122666597
6,0.122432947
7,0.122458935
8,0.122311831
9,0.122688770
10,0.122152328
11,0.122226954
12,0.122730017
13,0.126755476
14,0.122230053
15,0.122218847
16,0.122207403
17,0.122490883
18,0.122601032
19,0.123993635
20,0.125221252
21,0.121972084
22,0.122181177
23,0.122108221
24,0.122307062
25,0.122370481
26,0.122095108
27,0.122056484
28,0.122133970
29,0.122118950
30,0.122180223
31,0.122394323
32,0.123752594
33,0.122100592
34,0.122168064
35,0.123605967
36,0.122224092
37,0.123155117
38,0.122527122
39,0.122542620
40,0.122207880
41,0.122971535
42,0.122099400
43,0.122162342
44,0.122740030
45,0.122038126
46,0.122145891
47,0.122191906
48,0.122266293
49,0.122203112
50,0.122223854
51,0.122371435
52,0.122332811
53,0.123260260
54,0.122886896
55,0.122332096
56,0.123005152
57,0.122887373
58,0.122936726
59,0.122479439
60,0.122468710
61,0.122400284
62,0.122293711
63,0.122242451
64,0.122171402
65,0.122576714
66,0.122435570
67,0.122442722
68,0.122357130
69,0.122661352
70,0.122709036
71,0.122464895
72,0.123296738
73,0.122767210
74,0.122824192
75,0.122285604
76,0.123589993
77,0.122527361
78,0.122389317
79,0.122514009
80,0.122799873
81,0.123555899
82,0.127559662
83,0.124336720
84,0.122451067
85,0.122671604
86,0.122568130
87,0.124151468
88,0.122487545
89,0.122429848
90,0.122472048
91,0.122622252
92,0.122753382
93,0.123878002
94,0.122549295
95,0.122706413
96,0.122769356
97,0.123015165
98,0.122736216
99,0.123924971
100,0.123289585
101,0.122858286
102,0.122843027
103,0.122803926
104,0.123046160
105,0.123751402
106,0.123036385
107,0.123018026
108,0.123136520
109,0.123093367
110,0.123244524
111,0.123089314
112,0.124889612
113,0.122917175
114,0.122834682
115,0.123129368
116,0.123760939
117,0.122916937
118,0.122887373
119,0.122876167
120,0.122741938
121,0.122888088
122,0.123018503
123,0.122858524
124,0.122702837
125,0.122942924
126,0.123071909
