0,0.074062824
1,0.067605495
2,0.067315817
3,0.067724466
4,0.067147493
5,0.067218065
6,0.067113400
7,0.067246437
8,0.067153215
9,0.067140818
10,0.067013979
11,0.067225695
12,0.067203522
13,0.068355083
14,0.067248583
15,0.067115068
16,0.067100286
17,0.068011284
18,0.067090273
19,0.067075253
20,0.067084312
21,0.067142010
22,0.067047834
23,0.067049980
24,0.067168713
25,0.067066431
26,0.067953825
27,0.067229271
28,0.067153215
29,0.067054272
30,0.067153931
31,0.067131996
32,0.067137957
33,0.067225933
34,0.067134619
35,0.067168236
36,0.067100048
37,0.067090988
38,0.067142725
39,0.067114115
40,0.067139149
41,0.067344666
42,0.067755938
43,0.067454576
44,0.067082644
45,0.068019390
46,0.067178965
47,0.067118168
48,0.067061186
49,0.067403078
50,0.068413258
51,0.068390846
52,0.067075968
53,0.067134380
54,0.067105770
55,0.067053318
56,0.067159176
57,0.067169189
58,0.067105770
59,0.067149401
60,0.067096472
61,0.067204714
62,0.067183256
63,0.067149878
64,0.067115784
65,0.067131996
66,0.067142725
67,0.067698717
68,0.067179918
69,0.067138910
70,0.067133665
71,0.067131281
72,0.067145348
73,0.067193508
74,0.067124844
75,0.067188263
76,0.067128420
77,0.067202806
78,0.067171574
79,0.067199469
80,0.067181110
81,0.067373753
82,0.067143917
83,0.067976475
84,0.067151785
85,0.067258120
86,0.067173243
87,0.067980528
88,0.067117214
89,0.067155361
90,0.067190647
91,0.067173243
92,0.067160368
93,0.067211628
94,0.068214178
95,0.067250013
96,0.067159653
97,0.067208767
98,0.067253590
99,0.067301512
100,0.067215681
101,0.067260742
102,0.067283630
103,0.067293167
104,0.067144632
105,0.067282915
106,0.067326069
107,0.068189859
108,0.067514420
109,0.067186832
110,0.067226648
111,0.067206860
112,0.067239285
113,0.067306757
114,0.067223310
115,0.067484856
116,0.067227364
117,0.067358017
118,0.067243099
119,0.067234755
120,0.067197084
121,0.067309380
122,0.067300081
123,0.067215681
124,0.067269087
125,0.067210436
126,0.067368507
127,0.067271948
128,0.067172527
129,0.067348957
130,0.067227364
131,0.067246914
132,0.067188740
133,0.067322969
134,0.067192793
135,0.067187786
136,0.067242622
137,0.067423820
138,0.067268372
139,0.068229675
140,0.067320824
141,0.067402840
142,0.067274809
143,0.067303419
144,0.067252159
145,0.067326546
146,0.067301512
147,0.067319870
148,0.067245483
149,0.067313194
150,0.067409992
151,0.067308664
152,0.067651033
153,0.067793369
154,0.067345142
155,0.067708969
156,0.067443371
157,0.070983171
158,0.067510128
159,0.067440987
160,0.067365170
161,0.067405701
162,0.067469358
163,0.068200827
164,0.067550421
165,0.068447828
166,0.067409992
167,0.067491770
168,0.067395210
169,0.067440510
170,0.067457676
171,0.067346334
172,0.067461014
173,0.067382812
174,0.067986727
175,0.067474127
176,0.067384958
177,0.067477703
178,0.067451715
179,0.067356110
180,0.067390680
181,0.067434549
182,0.067440748
183,0.067326069
184,0.067413092
185,0.067400217
186,0.067365646
187,0.067859650
188,0.068469763
189,0.067427635
190,0.067363977
191,0.067399263
192,0.067435265
193,0.067365646
194,0.067487001
195,0.067861080
196,0.067366600
197,0.067407370
198,0.067392826
199,0.067424059
200,0.067401409
201,0.067461729
202,0.067391634
203,0.067387342
204,0.067404985
205,0.067431688
206,0.067404270
207,0.067329884
208,0.067436457
209,0.067470074
210,0.067380905
211,0.067442894
212,0.067493677
213,0.067513943
214,0.067577600
215,0.067583323
216,0.067432404
217,0.067440987
218,0.067457438
219,0.067473650
220,0.067407370
221,0.067517757
222,0.067424059
223,0.067948341
224,0.067508221
225,0.067388296
226,0.067436218
227,0.067392588
228,0.068508625
229,0.067538023
230,0.067545891
231,0.067517996
232,0.067508698
233,0.067427635
234,0.067479610
235,0.067463875
236,0.067486525
237,0.067537546
238,0.067481995
239,0.067553282
240,0.067538977
241,0.067820549
242,0.067458630
243,0.068016291
244,0.067611933
245,0.067555428
246,0.067527533
247,0.067554474
248,0.067610979
249,0.067590475
250,0.067466259
251,0.067573071
252,0.068178177
253,0.067591667
254,0.068598747
