0,0.025724173
1,0.024816036
2,0.026033640
3,0.025324106
4,0.025951385
5,0.026074171
6,0.025597334
7,0.024741650
8,0.025530100
9,0.024878502
10,0.024847984
11,0.024814129
12,0.024729967
13,0.024763584
14,0.024722338
15,0.024751902
16,0.024706602
17,0.024755716
18,0.024901390
19,0.024736881
20,0.024773359
21,0.024785995
22,0.024770975
23,0.024813890
24,0.025519609
25,0.025910854
26,0.024944305
27,0.025102139
28,0.025436163
29,0.024827719
30,0.024718761
31,0.024738550
32,0.024748802
33,0.024755001
34,0.024787903
35,0.024745464
36,0.027582884
37,0.024904013
38,0.024808168
39,0.024763823
40,0.024817944
41,0.024844646
42,0.024748325
43,0.025237560
44,0.025366068
45,0.024798870
46,0.024770975
47,0.026228666
48,0.024738789
49,0.024767637
50,0.024765968
51,0.024744511
52,0.024759293
53,0.024793386
54,0.024763823
55,0.024745226
56,0.024764538
57,0.024791956
58,0.024748802
59,0.024731159
60,0.024708748
61,0.024760723
62,0.024759054
63,0.024756908
64,0.024716616
65,0.025913000
66,0.024722815
67,0.024819613
68,0.024906635
69,0.024700880
70,0.024834156
71,0.024817228
72,0.024754286
73,0.024752617
74,0.024753094
75,0.024727345
76,0.024839163
77,0.024760246
78,0.024774551
79,0.024793148
80,0.024732351
81,0.024818897
82,0.024748802
83,0.024745703
84,0.024738789
85,0.024736166
86,0.024757147
87,0.024920225
88,0.024723053
89,0.024729252
90,0.024731398
91,0.024753809
92,0.025060892
93,0.025913954
94,0.024771452
95,0.024739027
96,0.025166035
97,0.024753332
98,0.024771452
99,0.024784327
100,0.024978161
101,0.028064251
102,0.024826765
103,0.024815083
104,0.024813175
105,0.024790764
106,0.025110722
107,0.024798155
108,0.024938822
109,0.026365757
110,0.024745226
111,0.024701118
112,0.024744749
113,0.024776697
114,0.024740934
115,0.025059938
116,0.025809288
117,0.024737358
118,0.024901390
119,0.024763346
120,0.024787903
121,0.024779797
122,0.024752855
123,0.024728298
124,0.024760962
125,0.024777412
126,0.024797916
127,0.025759220
128,0.024757624
129,0.024797201
130,0.024785757
131,0.024791479
132,0.024758339
133,0.024761438
134,0.025197744
135,0.024712086
136,0.025513411
137,0.024873972
138,0.025691509
139,0.024731874
140,0.024785757
141,0.024759531
142,0.024763107
143,0.024712086
144,0.024745941
145,0.030159235
146,0.025000334
147,0.024840117
148,0.024765968
149,0.024781704
150,0.024739265
151,0.024756670
152,0.024760246
153,0.024756670
154,0.025135756
155,0.024860382
156,0.024770260
157,0.024727821
158,0.024772882
159,0.024754524
160,0.025090694
161,0.024843216
162,0.024793386
163,0.024781704
164,0.024736404
165,0.024723291
166,0.024743795
167,0.024752855
168,0.024733782
169,0.024745941
170,0.024895430
171,0.025217056
172,0.025113106
173,0.024740934
174,0.024781466
175,0.024787903
176,0.024766684
177,0.024756432
178,0.024767876
179,0.024809599
180,0.024770021
181,0.024796247
182,0.024741888
183,0.024771690
184,0.024751425
185,0.024784565
186,0.024772882
187,0.024758577
188,0.025585890
189,0.025294065
190,0.024730444
191,0.024752378
192,0.024772406
193,0.024769545
194,0.024751425
195,0.024720430
196,0.024766207
197,0.024766207
198,0.025062799
199,0.024763584
200,0.024729490
201,0.024744511
202,0.024764299
203,0.024755716
204,0.024738550
205,0.024692535
206,0.024764299
207,0.025557280
208,0.025663853
209,0.024787426
210,0.024731636
211,0.024746895
212,0.024744749
213,0.024764538
214,0.024719477
215,0.024774075
216,0.024809599
217,0.024977922
218,0.024702787
219,0.024732351
220,0.024701118
221,0.024729252
222,0.024740934
223,0.024745226
224,0.025448322
225,0.025245428
226,0.025048971
227,0.024810791
228,0.024752378
229,0.024773836
230,0.024788141
231,0.024755001
232,0.024719477
233,0.024761915
234,0.024761200
235,0.024760723
236,0.024717569
237,0.025295734
238,0.025005579
239,0.024799585
240,0.024693966
241,0.024730921
242,0.024746895
243,0.024897337
244,0.024712324
245,0.025220156
246,0.024726152
247,0.026434422
248,0.024795532
249,0.024753571
250,0.024779797
251,0.024858236
252,0.024860859
253,0.024774075
254,0.024779797
