0,0.065661907
1,0.061636925
2,0.060851097
3,0.061771870
4,0.060759068
5,0.060649633
6,0.060798407
7,0.060659885
8,0.060832024
9,0.060777187
10,0.060735941
11,0.060633659
12,0.060631037
13,0.060743093
14,0.060719013
15,0.060536385
16,0.060214758
17,0.060314417
18,0.061618805
19,0.060273647
20,0.060247898
21,0.060204029
22,0.060153246
23,0.060321808
24,0.060221195
25,0.060180902
26,0.060201883
27,0.060592651
28,0.060243845
29,0.060216904
30,0.060292959
31,0.060185432
32,0.060153008
33,0.060352802
34,0.060281515
35,0.060197353
36,0.060244560
37,0.060190439
38,0.061316490
39,0.060270309
40,0.060232401
41,0.060219288
42,0.060245275
43,0.060328484
44,0.060274124
45,0.060240030
46,0.060244799
47,0.060313702
48,0.060869694
49,0.060221434
50,0.060288906
51,0.060256958
52,0.060280800
53,0.060959339
54,0.060125589
55,0.060235739
56,0.060288906
57,0.060323238
58,0.060295582
59,0.060309172
60,0.060266256
61,0.061556339
62,0.060207129
63,0.060238838
64,0.060155392
65,0.060288906
66,0.060234070
67,0.060189486
68,0.060835361
69,0.060279608
70,0.060311317
71,0.060584784
72,0.060195923
73,0.060251236
74,0.060240984
75,0.060191154
76,0.060328960
77,0.061104774
78,0.060502529
79,0.060255289
80,0.060137510
81,0.060953140
82,0.060328960
83,0.060288429
84,0.060354948
85,0.060307264
86,0.060772657
87,0.060290813
88,0.060302496
89,0.060210228
90,0.060407400
91,0.060320616
92,0.060336351
93,0.060380459
94,0.060393572
95,0.060949564
96,0.060366869
97,0.060228109
98,0.061776876
99,0.060267448
100,0.060376644
101,0.060308933
102,0.060331583
103,0.060303211
104,0.060425520
105,0.060345650
106,0.060336351
107,0.061054707
108,0.060328484
109,0.060448885
110,0.060291529
111,0.060474157
112,0.060271263
113,0.060321331
114,0.060257673
115,0.060235500
116,0.060711384
117,0.060374022
118,0.060474873
119,0.060305595
120,0.060413361
121,0.060416222
122,0.060490608
123,0.060796261
124,0.061135054
125,0.061073065
126,0.060789585
127,0.060461760
128,0.061172009
129,0.060407639
130,0.061231375
131,0.060354471
132,0.060413122
133,0.060398340
134,0.060424089
135,0.060445070
136,0.060508490
137,0.060328722
138,0.060408354
139,0.060369253
140,0.060407400
141,0.060548544
142,0.060467005
143,0.060405970
144,0.060452461
145,0.060399055
146,0.060437202
147,0.060403824
148,0.060456514
149,0.060409546
150,0.060451508
151,0.060386896
152,0.060447931
153,0.060469627
154,0.060430288
155,0.061596870
156,0.060575247
157,0.061283588
158,0.060482502
159,0.060313463
160,0.060464144
161,0.060398817
162,0.060482502
163,0.060502529
164,0.060476542
165,0.060404301
166,0.060552120
167,0.060483456
168,0.060578346
169,0.060287714
170,0.061769009
171,0.060539246
172,0.060428381
173,0.060449600
174,0.060509920
175,0.060441256
176,0.060507774
177,0.060474157
178,0.060529470
179,0.060768127
180,0.060514927
181,0.060428381
182,0.060553551
183,0.060532808
184,0.060592890
185,0.060489416
186,0.060539722
187,0.060503721
188,0.061407566
189,0.060459852
190,0.060508013
191,0.060533047
192,0.060632706
193,0.060579300
194,0.060550451
195,0.060883045
196,0.061694384
197,0.060997248
198,0.060996056
199,0.063021898
200,0.061221838
201,0.060473204
202,0.060604334
203,0.060446024
204,0.060486317
205,0.060535908
206,0.060502291
207,0.060514688
208,0.060524464
209,0.060549259
210,0.060569525
211,0.060576916
212,0.060565233
213,0.060496807
214,0.060509205
215,0.060477972
216,0.060596466
217,0.060504913
218,0.060469866
219,0.060553551
220,0.060547590
221,0.060526848
222,0.060492754
223,0.060571909
224,0.060896873
225,0.060453653
226,0.060600042
227,0.060499430
228,0.060627937
229,0.061135769
230,0.060540915
231,0.060578585
232,0.060515404
233,0.060527325
234,0.060649395
235,0.060512543
236,0.060603380
237,0.060508728
238,0.060552359
239,0.060512304
240,0.060501575
241,0.060589314
242,0.060524464
243,0.060584068
244,0.060523033
245,0.060640812
246,0.060859680
247,0.060534239
248,0.060634851
249,0.060532093
250,0.060629368
251,0.060637712
252,0.060632467
253,0.061219692
254,0.060601473
