0,0.026896477
1,0.026439905
2,0.026449680
3,0.026415110
4,0.026411533
5,0.026371002
6,0.026328325
7,0.027040482
8,0.026268482
9,0.026362658
10,0.026366949
11,0.026418209
12,0.026440382
13,0.026751518
14,0.026558399
15,0.026362181
16,0.026325703
17,0.026365042
18,0.026345491
19,0.026400328
20,0.026448965
21,0.026395798
22,0.026378870
23,0.026360273
24,0.026880264
25,0.026321173
26,0.026377916
27,0.026397943
28,0.026417971
29,0.026406765
30,0.026394129
31,0.026367188
32,0.026342154
33,0.026332617
34,0.026344538
35,0.026296854
36,0.026383162
37,0.026392937
38,0.026341915
39,0.026996613
40,0.026353121
41,0.026964903
42,0.026355267
43,0.026303291
44,0.026362419
45,0.026434898
46,0.026385546
47,0.026430130
48,0.026365757
49,0.026396751
50,0.026309729
51,0.026327133
52,0.026345968
53,0.026407003
54,0.026421547
55,0.026371956
56,0.026418447
57,0.026396275
58,0.026329517
59,0.026401043
60,0.026345730
61,0.026335478
62,0.027221680
63,0.026401758
64,0.026400805
65,0.026407957
66,0.026284218
67,0.026304245
68,0.026333332
69,0.026302814
70,0.026360273
71,0.026423931
72,0.026408195
73,0.026413202
74,0.026374102
75,0.026365757
76,0.026360035
77,0.026365280
78,0.026348114
79,0.026398659
80,0.026411772
81,0.026580811
82,0.026379347
83,0.026362658
84,0.026302814
85,0.026362419
86,0.026333332
87,0.026324272
88,0.026397705
89,0.026387691
90,0.026411295
91,0.026419878
92,0.026385784
93,0.026535034
94,0.026378393
95,0.026359797
96,0.026392221
97,0.026468515
98,0.026540041
99,0.026426315
100,0.026497841
101,0.026364803
102,0.026374340
103,0.026319265
104,0.026510954
105,0.026351452
106,0.026419640
107,0.026446581
108,0.026391506
109,0.026398420
110,0.026332378
111,0.026357889
112,0.026364088
113,0.026339054
114,0.033719540
115,0.026504040
116,0.026439905
117,0.026405096
118,0.026366711
119,0.026338339
120,0.026350260
121,0.026353359
122,0.026428938
123,0.026428938
124,0.026417255
125,0.026436567
126,0.026399612
127,0.027368069
128,0.026372671
129,0.026360512
130,0.026318550
131,0.026361465
132,0.026454210
133,0.026405573
134,0.026405573
135,0.026366949
136,0.026342630
137,0.026334286
138,0.026379108
139,0.026356220
140,0.026500940
141,0.026985407
142,0.026403666
143,0.026390314
144,0.026350975
145,0.026410580
146,0.026437759
147,0.026347399
148,0.026387930
149,0.026389837
150,0.026435375
151,0.026363611
152,0.026406527
153,0.026360273
154,0.026417494
155,0.026948452
156,0.026337862
157,0.026371479
158,0.026433468
159,0.026400089
160,0.026456356
161,0.026367664
162,0.026362181
163,0.026357651
164,0.026304245
165,0.027140856
166,0.026417017
167,0.026393175
168,0.026454449
169,0.026564121
170,0.026398182
171,0.026329756
172,0.026355743
173,0.026361227
174,0.026386976
175,0.026448011
176,0.026575565
177,0.026466370
178,0.026353359
179,0.026356697
180,0.026460171
181,0.026530266
182,0.026364803
183,0.026448250
184,0.026380539
185,0.026968718
186,0.026423454
187,0.026321411
188,0.026305437
189,0.026333094
190,0.026337624
191,0.026361465
192,0.026437283
193,0.026396513
194,0.026424408
195,0.026388884
196,0.026347399
197,0.033896923
198,0.028635025
199,0.026374340
200,0.026419401
201,0.026414633
202,0.026416540
203,0.026428699
204,0.026375055
205,0.026360512
206,0.026356459
207,0.026318550
208,0.026340008
209,0.026436090
210,0.026637077
211,0.026420116
212,0.026421309
213,0.026387930
214,0.026360273
215,0.026345253
216,0.026327133
217,0.026505470
218,0.026407480
219,0.026422501
220,0.027121544
221,0.027096748
222,0.026306629
223,0.026370764
224,0.026365280
225,0.026382446
226,0.026383638
227,0.026440144
228,0.026407003
229,0.026402950
230,0.026334047
231,0.026855707
232,0.026353121
233,0.027340651
234,0.026390076
235,0.026928902
236,0.026531935
237,0.026481152
238,0.026387691
239,0.026369333
240,0.026391745
241,0.026395798
242,0.026298761
243,0.026379585
244,0.026455402
245,0.026460171
246,0.026407957
247,0.028039694
248,0.026350260
249,0.026334524
250,0.026318550
251,0.026362419
252,0.026396036
253,0.026427746
254,0.026424885
