0,0.114696264
1,0.109618187
2,0.110051155
3,0.109054565
4,0.109764814
5,0.109180927
6,0.109185219
7,0.109549046
8,0.109397888
9,0.109165430
10,0.109373569
11,0.109142542
12,0.109094620
13,0.109112263
14,0.109050274
15,0.110147715
16,0.109816790
17,0.109121799
18,0.108988047
19,0.108938932
20,0.108989477
21,0.108988762
22,0.109073877
23,0.109646320
24,0.109547377
25,0.109128952
26,0.108981848
27,0.109294415
28,0.108887196
29,0.109037161
30,0.108852625
31,0.109080315
32,0.108889818
33,0.109053612
34,0.109164238
35,0.109054804
36,0.109026194
37,0.109164476
38,0.110415220
39,0.109246016
40,0.109761715
41,0.108968258
42,0.108994007
43,0.109050512
44,0.110252619
45,0.109215498
46,0.109057665
47,0.109046698
48,0.108978748
49,0.109101534
50,0.109007597
51,0.109070539
52,0.109036207
53,0.109788179
54,0.109249353
55,0.109117985
56,0.109116554
57,0.109127283
58,0.109100342
59,0.109128237
60,0.109155416
61,0.108942747
62,0.109262705
63,0.109224081
64,0.108983517
65,0.109854460
66,0.109169483
67,0.109455824
68,0.109070063
69,0.109040022
70,0.109186649
71,0.109274864
72,0.109364271
73,0.109193802
74,0.110099554
75,0.109287977
76,0.109841347
77,0.109283686
78,0.109127760
79,0.109139919
80,0.109374523
81,0.109643698
82,0.109190464
83,0.109189987
84,0.109281778
85,0.109121323
86,0.109862804
87,0.109374523
88,0.109537840
89,0.109171391
90,0.109434366
91,0.109238863
92,0.109025717
93,0.109287262
94,0.109153271
95,0.109181881
96,0.109178782
97,0.109275818
98,0.109468937
99,0.109457016
100,0.109350204
101,0.109264612
102,0.109354496
103,0.109255075
104,0.110316038
105,0.109151602
106,0.110152960
107,0.109647989
108,0.109328508
109,0.109528303
110,0.109354734
111,0.109309435
112,0.109346151
113,0.109434128
114,0.109760761
115,0.109572887
116,0.109264851
117,0.109371662
118,0.109658241
119,0.110051394
120,0.110033751
121,0.109223843
122,0.109488487
123,0.109704494
124,0.109315395
125,0.109410524
126,0.109402180
