0,0.060248375
1,0.055525780
2,0.054886103
3,0.055372238
4,0.055492640
5,0.055288792
6,0.054813385
7,0.054867506
8,0.054792404
9,0.054881573
10,0.055302620
11,0.054785728
12,0.055153131
13,0.054904938
14,0.055044174
15,0.055016518
16,0.054767132
17,0.054946899
18,0.054809570
19,0.054884434
20,0.054902315
21,0.054884672
22,0.054799318
23,0.054928064
24,0.054827213
25,0.054816961
26,0.054736137
27,0.054897547
28,0.055511475
29,0.054904699
30,0.055557489
31,0.054876804
32,0.054836750
33,0.055082321
34,0.054792166
35,0.055265427
36,0.054884911
37,0.056451559
38,0.054843426
39,0.055344582
40,0.054848194
41,0.055298090
42,0.054829836
43,0.055144072
44,0.054821253
45,0.055304050
46,0.054940224
47,0.055325508
48,0.055475473
49,0.055146456
50,0.055263042
51,0.055260658
52,0.055907249
53,0.055015326
54,0.055220842
55,0.054831266
56,0.055067539
57,0.054960012
58,0.055198193
59,0.054914713
60,0.055049181
61,0.055144072
62,0.054995775
63,0.055252314
64,0.054816961
65,0.055455446
66,0.054843187
67,0.055425882
68,0.054875135
69,0.056000471
70,0.055622339
71,0.055220366
72,0.055171967
73,0.054889679
74,0.055157185
75,0.054889202
76,0.055138588
77,0.054957151
78,0.055580616
79,0.054917574
80,0.055490971
81,0.054908991
82,0.055229187
83,0.055328846
84,0.054893255
85,0.056083441
86,0.054863453
87,0.055255413
88,0.054916620
89,0.055583715
90,0.054820061
91,0.055462122
92,0.055339813
93,0.055766106
94,0.055683851
95,0.055458307
96,0.056361675
97,0.055485487
98,0.055583477
99,0.055251837
100,0.054938078
101,0.054926634
102,0.055259705
103,0.054965496
104,0.055240870
105,0.056209564
106,0.056743860
107,0.054921627
108,0.054871798
109,0.055326462
110,0.056006193
111,0.054909945
112,0.055295706
113,0.055042505
114,0.054947615
115,0.055469036
116,0.054907560
117,0.055925131
118,0.054912329
119,0.054991961
120,0.054927826
121,0.054955959
122,0.055208921
123,0.054893970
124,0.055277109
125,0.055980921
126,0.055423975
127,0.054974556
128,0.056613207
129,0.055884123
130,0.055800915
131,0.055942535
132,0.055091143
133,0.055516481
134,0.055127621
135,0.055688143
136,0.055122137
137,0.055799723
138,0.055058718
139,0.055352211
140,0.055626869
141,0.055678129
142,0.055797338
143,0.055221558
144,0.055718660
145,0.055065393
146,0.055308342
147,0.055159092
148,0.055501223
149,0.055129290
150,0.055406570
151,0.055986404
152,0.055077553
153,0.055429935
154,0.055819988
155,0.055594683
156,0.055085897
157,0.055451393
158,0.055189610
159,0.055494785
160,0.055182695
161,0.055516005
162,0.055685759
163,0.055082321
164,0.055354834
165,0.055222034
166,0.055382729
167,0.055107355
168,0.055497885
169,0.055079937
170,0.055362940
171,0.055149317
172,0.055562019
173,0.055588007
174,0.056180954
175,0.055976868
176,0.055287600
177,0.056787968
178,0.059026003
179,0.055842638
180,0.055500746
181,0.056883335
182,0.055593014
183,0.055915833
184,0.055410624
185,0.055317640
186,0.055664301
187,0.055065155
188,0.055561543
189,0.056005239
190,0.056189537
191,0.055643320
192,0.055485249
193,0.055685282
194,0.055348635
195,0.055438757
196,0.055118561
197,0.055566311
198,0.055104971
199,0.055499077
200,0.055107832
201,0.055488825
202,0.056259394
203,0.055186749
204,0.055490494
205,0.055133581
206,0.055743217
207,0.055249453
208,0.055373669
209,0.055157900
210,0.055457115
211,0.055227041
212,0.055400372
213,0.056403399
214,0.057045937
215,0.055300236
216,0.055452585
217,0.055130959
218,0.055589914
219,0.055492878
220,0.055299759
221,0.055614710
222,0.055392742
223,0.055574656
224,0.055150986
225,0.056183815
226,0.056247234
227,0.055665493
228,0.055156231
229,0.055529356
230,0.055303097
231,0.055603027
232,0.055655956
233,0.055197954
234,0.055648088
235,0.055931807
236,0.057264566
237,0.055155516
238,0.056587696
239,0.055851221
240,0.055705309
241,0.055148840
242,0.055439711
243,0.055176973
244,0.055526495
245,0.055526972
246,0.055158377
247,0.055649519
248,0.055140734
249,0.055608511
250,0.055156708
251,0.055851221
252,0.055212498
253,0.056383133
254,0.055088043
