0,0.077596664
1,0.071006775
2,0.070665359
3,0.069912672
4,0.071318388
5,0.069956779
6,0.070030212
7,0.069948196
8,0.070084572
9,0.070478439
10,0.070069075
11,0.069953203
12,0.069905758
13,0.070221663
14,0.070028067
15,0.069920778
16,0.070242167
17,0.070163250
18,0.071149588
19,0.070158958
20,0.070055246
21,0.071452379
22,0.070065975
23,0.070480347
24,0.069996119
25,0.069937468
26,0.070100546
27,0.069956779
28,0.070458412
29,0.069906235
30,0.071346283
31,0.070914030
32,0.070473671
33,0.069914579
34,0.070102930
35,0.070027590
36,0.070028782
37,0.070104599
38,0.070480347
39,0.070040941
40,0.070129156
41,0.069956064
42,0.070084333
43,0.069973946
44,0.070080519
45,0.070714235
46,0.070068598
47,0.070727587
48,0.070111275
49,0.069948912
50,0.070142269
51,0.071038246
52,0.070055008
53,0.069946766
54,0.070282221
55,0.069962978
56,0.070092916
57,0.069898605
58,0.070199966
59,0.069953918
60,0.070099354
61,0.069958687
62,0.070284367
63,0.069969654
64,0.070066214
65,0.070053101
66,0.070089340
67,0.070583344
68,0.070034742
69,0.069953203
70,0.070067883
71,0.070180178
72,0.070052624
73,0.069974661
74,0.070018530
75,0.069983244
76,0.070079088
77,0.069943190
78,0.070492029
79,0.070023298
80,0.070146799
81,0.069942236
82,0.070065737
83,0.069951296
84,0.070370913
85,0.069998503
86,0.070059299
87,0.069896460
88,0.070097923
89,0.069953680
90,0.070032597
91,0.069967985
92,0.070288420
93,0.070116520
94,0.070114613
95,0.069947958
96,0.070239305
97,0.071789980
98,0.070287943
99,0.070644617
100,0.070471048
101,0.070584059
102,0.070103168
103,0.069995880
104,0.070102453
105,0.070011139
106,0.070090055
107,0.070038319
108,0.071196079
109,0.070747375
110,0.070175171
111,0.070070744
112,0.070040941
113,0.070064306
114,0.070410490
115,0.070123911
116,0.070248604
117,0.070868969
118,0.070143700
119,0.069972754
120,0.070435286
121,0.070059061
122,0.070274830
123,0.070182562
124,0.070179701
125,0.069956541
126,0.070141554
127,0.070024014
128,0.070165157
129,0.070100307
130,0.070111513
131,0.070844889
132,0.070195675
133,0.070087194
134,0.070162058
135,0.070098639
136,0.070339441
137,0.070121050
138,0.070191622
139,0.070044994
140,0.070268393
141,0.069985628
142,0.070152760
143,0.070038795
144,0.070195198
145,0.070139408
146,0.070191145
147,0.070086718
148,0.070335627
149,0.070103168
150,0.070242882
151,0.070145369
152,0.070213556
153,0.070057631
154,0.070256710
155,0.070669889
156,0.070192099
157,0.070088148
158,0.070236206
159,0.070038319
160,0.071697712
161,0.070152283
162,0.070212364
163,0.070184469
164,0.070173979
165,0.070195436
166,0.070256472
167,0.070155859
168,0.070208073
169,0.070160866
170,0.070312738
171,0.070141077
172,0.070270300
173,0.070432901
174,0.070577383
175,0.070144892
176,0.070168734
177,0.070119381
178,0.070285320
179,0.070193291
180,0.070420742
181,0.070544481
182,0.070297956
183,0.070160389
184,0.070263147
185,0.070321083
186,0.070329666
187,0.071358919
188,0.070250750
189,0.070137978
190,0.070247173
191,0.070196152
192,0.070327282
193,0.070080042
194,0.070389748
195,0.070216179
196,0.070235014
197,0.070355892
198,0.071597815
199,0.070255041
200,0.070311308
201,0.070304871
202,0.070383310
203,0.070206881
204,0.070305586
205,0.070164680
206,0.070304155
207,0.070256710
208,0.070476532
209,0.070235491
210,0.070251942
211,0.070221424
212,0.070755243
213,0.070200920
214,0.070251942
215,0.070205450
216,0.070314169
217,0.070209503
218,0.070287228
219,0.070167065
220,0.070328236
221,0.070198059
222,0.071795464
223,0.070224762
224,0.070865154
225,0.070722103
226,0.070251465
227,0.070143938
228,0.070353985
229,0.070244312
230,0.070334673
231,0.070692539
232,0.070379496
233,0.070164442
234,0.070490360
235,0.070296526
236,0.070456982
237,0.070205450
238,0.070381880
239,0.070222616
240,0.070332766
241,0.070235252
242,0.070413828
243,0.070290327
244,0.070357323
245,0.070278406
246,0.070397377
247,0.070198536
248,0.070453882
249,0.070461273
250,0.070373535
251,0.070358515
252,0.070351839
253,0.070215702
254,0.070349693
