0,0.143197060
1,0.140076876
2,0.138878584
3,0.139368534
4,0.138510227
5,0.138903618
6,0.138679981
7,0.138873577
8,0.138498306
9,0.139921904
10,0.139190435
11,0.139359236
12,0.138646126
13,0.138944149
14,0.138653278
15,0.138922453
16,0.138737202
17,0.140074015
18,0.138619661
19,0.140019894
20,0.138910770
21,0.138993263
22,0.138533831
23,0.140189409
24,0.138582468
25,0.139422894
26,0.138703585
27,0.139382362
28,0.138638258
29,0.139318943
30,0.138495207
31,0.139693975
32,0.139616966
33,0.139549732
34,0.138585806
35,0.139030933
36,0.139876604
37,0.138894081
38,0.138579130
39,0.139034748
40,0.138609409
41,0.139142036
42,0.139136314
43,0.139097452
44,0.138659239
45,0.138808966
46,0.138972521
47,0.140367270
48,0.138653040
49,0.139717340
50,0.138796806
51,0.139516592
52,0.138692379
53,0.139095545
54,0.139224052
55,0.139356136
56,0.138908625
57,0.139873743
58,0.138762712
59,0.139162302
60,0.139010191
61,0.139158010
62,0.138893843
63,0.139438629
64,0.139962912
65,0.139240980
66,0.138628244
67,0.139284372
68,0.139211416
69,0.139220238
70,0.138829470
71,0.139281988
72,0.138966560
73,0.139564991
74,0.138992071
75,0.139697552
76,0.140148640
77,0.139329910
78,0.138942480
79,0.139257669
80,0.138854265
81,0.139050484
82,0.138878584
83,0.140277863
84,0.138993025
85,0.139414549
86,0.138880014
87,0.140036583
88,0.139945507
89,0.139365673
90,0.139141798
91,0.139514208
92,0.138999462
93,0.139295101
94,0.140189648
95,0.139509916
96,0.138845205
97,0.139706612
98,0.139102697
99,0.139446259
100,0.138988256
101,0.139495611
102,0.138939857
103,0.139463902
104,0.139369965
105,0.139767170
106,0.138922215
107,0.139546394
108,0.139230490
109,0.139475346
110,0.139093399
111,0.139446497
112,0.139029980
113,0.139607668
114,0.139448643
115,0.139517069
116,0.138988495
117,0.139430761
118,0.140242577
119,0.140269995
120,0.139121771
121,0.139727116
122,0.138956785
123,0.139434576
124,0.139207125
125,0.139507055
126,0.139014482
