0,0.111720324
1,0.107774496
2,0.107787132
3,0.108441591
4,0.107743025
5,0.107680798
6,0.107726574
7,0.107814312
8,0.107985735
9,0.107617617
10,0.107770205
11,0.107624769
12,0.109032631
13,0.107619524
14,0.107600927
15,0.108880281
16,0.107487917
17,0.107695103
18,0.108948708
19,0.107661009
20,0.107672215
21,0.107791424
22,0.107869387
23,0.107723951
24,0.108792782
25,0.107822657
26,0.109451294
27,0.107858181
28,0.107989073
29,0.108551741
30,0.107801199
31,0.108640909
32,0.107800007
33,0.108019590
34,0.107757568
35,0.107892513
36,0.107775927
37,0.107846498
38,0.107915640
39,0.107909203
40,0.107867718
41,0.108602285
42,0.107871294
43,0.107937574
44,0.107985258
45,0.108482361
46,0.107773066
47,0.107756138
48,0.108496904
49,0.107761621
50,0.107805014
51,0.107807636
52,0.107773304
53,0.108120203
54,0.108392715
55,0.107840776
56,0.107820034
57,0.107821465
58,0.107869625
59,0.108095884
60,0.109028101
61,0.108501434
62,0.107911587
63,0.107885361
64,0.107878447
65,0.107913494
66,0.108018875
67,0.107886076
68,0.107971191
69,0.107952833
70,0.109140396
71,0.107778311
72,0.108856201
73,0.108139992
74,0.107990742
75,0.108094454
76,0.107834816
77,0.109635592
78,0.107982635
79,0.108556747
80,0.108047724
81,0.107996941
82,0.108115673
83,0.108096361
84,0.108101130
85,0.108105659
86,0.108059883
87,0.108143091
88,0.108100653
89,0.108195782
90,0.108009100
91,0.108098745
92,0.108409166
93,0.107985020
94,0.108033180
95,0.107912779
96,0.107935429
97,0.107937574
98,0.108313560
99,0.108099222
100,0.107959270
101,0.107898712
102,0.108031511
103,0.108044147
104,0.107933283
105,0.108477116
106,0.108015060
107,0.108073473
108,0.107956886
109,0.108067989
110,0.108142376
111,0.108042717
112,0.108019352
113,0.108065605
114,0.109321594
115,0.108039141
116,0.108048677
117,0.108842373
118,0.109264851
119,0.108557224
120,0.108942270
121,0.108308077
122,0.108149290
123,0.108453751
124,0.108807087
125,0.108222961
126,0.108296394
